1387  2520
19 1 20
38 20 39
57 39 58
76 58 77
95 77 96
114 96 115
133 115 134
152 134 153
171 153 172
190 172 191
209 191 210
228 210 229
247 229 248
266 248 267
285 267 286
304 286 305
323 305 324
342 324 343
361 343 362
380 362 381
399 381 400
418 400 419
437 419 438
456 438 457
475 457 476
494 476 495
513 495 514
532 514 533
551 533 552
570 552 571
589 571 590
608 590 609
627 609 628
646 628 647
665 647 666
684 666 685
704 684 685
723 703 704
742 722 723
761 741 742
780 760 761
799 779 780
818 798 799
837 817 818
856 836 837
875 855 856
894 874 875
913 893 894
932 912 913
951 931 932
970 950 951
989 969 970
1008 988 989
1027 1007 1008
1046 1026 1027
1065 1045 1046
1084 1064 1065
1103 1083 1084
1122 1102 1103
1141 1121 1122
1160 1140 1141
1179 1159 1160
1198 1178 1179
1217 1197 1198
1236 1216 1217
1255 1235 1236
1274 1254 1255
1293 1273 1274
1312 1292 1293
1331 1311 1312
1350 1330 1331
1369 1349 1350
1 2 20
20 2 21
20 21 39
39 21 40
39 40 58
58 40 59
58 59 77
77 59 78
77 78 96
96 78 97
96 97 115
115 97 116
115 116 134
134 116 135
134 135 153
153 135 154
153 154 172
172 154 173
172 173 191
191 173 192
191 192 210
210 192 211
210 211 229
229 211 230
229 230 248
248 230 249
248 249 267
267 249 268
267 268 286
286 268 287
286 287 305
305 287 306
305 306 324
324 306 325
324 325 343
343 325 344
343 344 362
362 344 363
362 363 381
381 363 382
381 382 400
400 382 401
400 401 419
419 401 420
419 420 438
438 420 439
438 439 457
457 439 458
457 458 476
476 458 477
476 477 495
495 477 496
495 496 514
514 496 515
514 515 533
533 515 534
533 534 552
552 534 553
552 553 571
571 553 572
571 572 590
590 572 591
590 591 609
609 591 610
609 610 628
628 610 629
628 629 647
647 629 648
647 648 666
666 648 667
666 667 685
685 667 686
705 704 685
705 685 686
724 723 704
724 704 705
743 742 723
743 723 724
762 761 742
762 742 743
781 780 761
781 761 762
800 799 780
800 780 781
819 818 799
819 799 800
838 837 818
838 818 819
857 856 837
857 837 838
876 875 856
876 856 857
895 894 875
895 875 876
914 913 894
914 894 895
933 932 913
933 913 914
952 951 932
952 932 933
971 970 951
971 951 952
990 989 970
990 970 971
1009 1008 989
1009 989 990
1028 1027 1008
1028 1008 1009
1047 1046 1027
1047 1027 1028
1066 1065 1046
1066 1046 1047
1085 1084 1065
1085 1065 1066
1104 1103 1084
1104 1084 1085
1123 1122 1103
1123 1103 1104
1142 1141 1122
1142 1122 1123
1161 1160 1141
1161 1141 1142
1180 1179 1160
1180 1160 1161
1199 1198 1179
1199 1179 1180
1218 1217 1198
1218 1198 1199
1237 1236 1217
1237 1217 1218
1256 1255 1236
1256 1236 1237
1275 1274 1255
1275 1255 1256
1294 1293 1274
1294 1274 1275
1313 1312 1293
1313 1293 1294
1332 1331 1312
1332 1312 1313
1351 1350 1331
1351 1331 1332
1370 1369 1350
1370 1350 1351
2 3 21
21 3 22
21 22 40
40 22 41
40 41 59
59 41 60
59 60 78
78 60 79
78 79 97
97 79 98
97 98 116
116 98 117
116 117 135
135 117 136
135 136 154
154 136 155
154 155 173
173 155 174
173 174 192
192 174 193
192 193 211
211 193 212
211 212 230
230 212 231
230 231 249
249 231 250
249 250 268
268 250 269
268 269 287
287 269 288
287 288 306
306 288 307
306 307 325
325 307 326
325 326 344
344 326 345
344 345 363
363 345 364
363 364 382
382 364 383
382 383 401
401 383 402
401 402 420
420 402 421
420 421 439
439 421 440
439 440 458
458 440 459
458 459 477
477 459 478
477 478 496
496 478 497
496 497 515
515 497 516
515 516 534
534 516 535
534 535 553
553 535 554
553 554 572
572 554 573
572 573 591
591 573 592
591 592 610
610 592 611
610 611 629
629 611 630
629 630 648
648 630 649
648 649 667
667 649 668
667 668 686
686 668 687
706 705 686
706 686 687
725 724 705
725 705 706
744 743 724
744 724 725
763 762 743
763 743 744
782 781 762
782 762 763
801 800 781
801 781 782
820 819 800
820 800 801
839 838 819
839 819 820
858 857 838
858 838 839
877 876 857
877 857 858
896 895 876
896 876 877
915 914 895
915 895 896
934 933 914
934 914 915
953 952 933
953 933 934
972 971 952
972 952 953
991 990 971
991 971 972
1010 1009 990
1010 990 991
1029 1028 1009
1029 1009 1010
1048 1047 1028
1048 1028 1029
1067 1066 1047
1067 1047 1048
1086 1085 1066
1086 1066 1067
1105 1104 1085
1105 1085 1086
1124 1123 1104
1124 1104 1105
1143 1142 1123
1143 1123 1124
1162 1161 1142
1162 1142 1143
1181 1180 1161
1181 1161 1162
1200 1199 1180
1200 1180 1181
1219 1218 1199
1219 1199 1200
1238 1237 1218
1238 1218 1219
1257 1256 1237
1257 1237 1238
1276 1275 1256
1276 1256 1257
1295 1294 1275
1295 1275 1276
1314 1313 1294
1314 1294 1295
1333 1332 1313
1333 1313 1314
1352 1351 1332
1352 1332 1333
1371 1370 1351
1371 1351 1352
3 4 22
22 4 23
22 23 41
41 23 42
41 42 60
60 42 61
60 61 79
79 61 80
79 80 98
98 80 99
98 99 117
117 99 118
117 118 136
136 118 137
136 137 155
155 137 156
155 156 174
174 156 175
174 175 193
193 175 194
193 194 212
212 194 213
212 213 231
231 213 232
231 232 250
250 232 251
250 251 269
269 251 270
269 270 288
288 270 289
288 289 307
307 289 308
307 308 326
326 308 327
326 327 345
345 327 346
345 346 364
364 346 365
364 365 383
383 365 384
383 384 402
402 384 403
402 403 421
421 403 422
421 422 440
440 422 441
440 441 459
459 441 460
459 460 478
478 460 479
478 479 497
497 479 498
497 498 516
516 498 517
516 517 535
535 517 536
535 536 554
554 536 555
554 555 573
573 555 574
573 574 592
592 574 593
592 593 611
611 593 612
611 612 630
630 612 631
630 631 649
649 631 650
649 650 668
668 650 669
668 669 687
687 669 688
707 706 687
707 687 688
726 725 706
726 706 707
745 744 725
745 725 726
764 763 744
764 744 745
783 782 763
783 763 764
802 801 782
802 782 783
821 820 801
821 801 802
840 839 820
840 820 821
859 858 839
859 839 840
878 877 858
878 858 859
897 896 877
897 877 878
916 915 896
916 896 897
935 934 915
935 915 916
954 953 934
954 934 935
973 972 953
973 953 954
992 991 972
992 972 973
1011 1010 991
1011 991 992
1030 1029 1010
1030 1010 1011
1049 1048 1029
1049 1029 1030
1068 1067 1048
1068 1048 1049
1087 1086 1067
1087 1067 1068
1106 1105 1086
1106 1086 1087
1125 1124 1105
1125 1105 1106
1144 1143 1124
1144 1124 1125
1163 1162 1143
1163 1143 1144
1182 1181 1162
1182 1162 1163
1201 1200 1181
1201 1181 1182
1220 1219 1200
1220 1200 1201
1239 1238 1219
1239 1219 1220
1258 1257 1238
1258 1238 1239
1277 1276 1257
1277 1257 1258
1296 1295 1276
1296 1276 1277
1315 1314 1295
1315 1295 1296
1334 1333 1314
1334 1314 1315
1353 1352 1333
1353 1333 1334
1372 1371 1352
1372 1352 1353
4 5 23
23 5 24
23 24 42
42 24 43
42 43 61
61 43 62
61 62 80
80 62 81
80 81 99
99 81 100
99 100 118
118 100 119
118 119 137
137 119 138
137 138 156
156 138 157
156 157 175
175 157 176
175 176 194
194 176 195
194 195 213
213 195 214
213 214 232
232 214 233
232 233 251
251 233 252
251 252 270
270 252 271
270 271 289
289 271 290
289 290 308
308 290 309
308 309 327
327 309 328
327 328 346
346 328 347
346 347 365
365 347 366
365 366 384
384 366 385
384 385 403
403 385 404
403 404 422
422 404 423
422 423 441
441 423 442
441 442 460
460 442 461
460 461 479
479 461 480
479 480 498
498 480 499
498 499 517
517 499 518
517 518 536
536 518 537
536 537 555
555 537 556
555 556 574
574 556 575
574 575 593
593 575 594
593 594 612
612 594 613
612 613 631
631 613 632
631 632 650
650 632 651
650 651 669
669 651 670
669 670 688
688 670 689
708 707 688
708 688 689
727 726 707
727 707 708
746 745 726
746 726 727
765 764 745
765 745 746
784 783 764
784 764 765
803 802 783
803 783 784
822 821 802
822 802 803
841 840 821
841 821 822
860 859 840
860 840 841
879 878 859
879 859 860
898 897 878
898 878 879
917 916 897
917 897 898
936 935 916
936 916 917
955 954 935
955 935 936
974 973 954
974 954 955
993 992 973
993 973 974
1012 1011 992
1012 992 993
1031 1030 1011
1031 1011 1012
1050 1049 1030
1050 1030 1031
1069 1068 1049
1069 1049 1050
1088 1087 1068
1088 1068 1069
1107 1106 1087
1107 1087 1088
1126 1125 1106
1126 1106 1107
1145 1144 1125
1145 1125 1126
1164 1163 1144
1164 1144 1145
1183 1182 1163
1183 1163 1164
1202 1201 1182
1202 1182 1183
1221 1220 1201
1221 1201 1202
1240 1239 1220
1240 1220 1221
1259 1258 1239
1259 1239 1240
1278 1277 1258
1278 1258 1259
1297 1296 1277
1297 1277 1278
1316 1315 1296
1316 1296 1297
1335 1334 1315
1335 1315 1316
1354 1353 1334
1354 1334 1335
1373 1372 1353
1373 1353 1354
5 6 24
24 6 25
24 25 43
43 25 44
43 44 62
62 44 63
62 63 81
81 63 82
81 82 100
100 82 101
100 101 119
119 101 120
119 120 138
138 120 139
138 139 157
157 139 158
157 158 176
176 158 177
176 177 195
195 177 196
195 196 214
214 196 215
214 215 233
233 215 234
233 234 252
252 234 253
252 253 271
271 253 272
271 272 290
290 272 291
290 291 309
309 291 310
309 310 328
328 310 329
328 329 347
347 329 348
347 348 366
366 348 367
366 367 385
385 367 386
385 386 404
404 386 405
404 405 423
423 405 424
423 424 442
442 424 443
442 443 461
461 443 462
461 462 480
480 462 481
480 481 499
499 481 500
499 500 518
518 500 519
518 519 537
537 519 538
537 538 556
556 538 557
556 557 575
575 557 576
575 576 594
594 576 595
594 595 613
613 595 614
613 614 632
632 614 633
632 633 651
651 633 652
651 652 670
670 652 671
670 671 689
689 671 690
709 708 689
709 689 690
728 727 708
728 708 709
747 746 727
747 727 728
766 765 746
766 746 747
785 784 765
785 765 766
804 803 784
804 784 785
823 822 803
823 803 804
842 841 822
842 822 823
861 860 841
861 841 842
880 879 860
880 860 861
899 898 879
899 879 880
918 917 898
918 898 899
937 936 917
937 917 918
956 955 936
956 936 937
975 974 955
975 955 956
994 993 974
994 974 975
1013 1012 993
1013 993 994
1032 1031 1012
1032 1012 1013
1051 1050 1031
1051 1031 1032
1070 1069 1050
1070 1050 1051
1089 1088 1069
1089 1069 1070
1108 1107 1088
1108 1088 1089
1127 1126 1107
1127 1107 1108
1146 1145 1126
1146 1126 1127
1165 1164 1145
1165 1145 1146
1184 1183 1164
1184 1164 1165
1203 1202 1183
1203 1183 1184
1222 1221 1202
1222 1202 1203
1241 1240 1221
1241 1221 1222
1260 1259 1240
1260 1240 1241
1279 1278 1259
1279 1259 1260
1298 1297 1278
1298 1278 1279
1317 1316 1297
1317 1297 1298
1336 1335 1316
1336 1316 1317
1355 1354 1335
1355 1335 1336
1374 1373 1354
1374 1354 1355
6 7 25
25 7 26
25 26 44
44 26 45
44 45 63
63 45 64
63 64 82
82 64 83
82 83 101
101 83 102
101 102 120
120 102 121
120 121 139
139 121 140
139 140 158
158 140 159
158 159 177
177 159 178
177 178 196
196 178 197
196 197 215
215 197 216
215 216 234
234 216 235
234 235 253
253 235 254
253 254 272
272 254 273
272 273 291
291 273 292
291 292 310
310 292 311
310 311 329
329 311 330
329 330 348
348 330 349
348 349 367
367 349 368
367 368 386
386 368 387
386 387 405
405 387 406
405 406 424
424 406 425
424 425 443
443 425 444
443 444 462
462 444 463
462 463 481
481 463 482
481 482 500
500 482 501
500 501 519
519 501 520
519 520 538
538 520 539
538 539 557
557 539 558
557 558 576
576 558 577
576 577 595
595 577 596
595 596 614
614 596 615
614 615 633
633 615 634
633 634 652
652 634 653
652 653 671
671 653 672
671 672 690
690 672 691
710 709 690
710 690 691
729 728 709
729 709 710
748 747 728
748 728 729
767 766 747
767 747 748
786 785 766
786 766 767
805 804 785
805 785 786
824 823 804
824 804 805
843 842 823
843 823 824
862 861 842
862 842 843
881 880 861
881 861 862
900 899 880
900 880 881
919 918 899
919 899 900
938 937 918
938 918 919
957 956 937
957 937 938
976 975 956
976 956 957
995 994 975
995 975 976
1014 1013 994
1014 994 995
1033 1032 1013
1033 1013 1014
1052 1051 1032
1052 1032 1033
1071 1070 1051
1071 1051 1052
1090 1089 1070
1090 1070 1071
1109 1108 1089
1109 1089 1090
1128 1127 1108
1128 1108 1109
1147 1146 1127
1147 1127 1128
1166 1165 1146
1166 1146 1147
1185 1184 1165
1185 1165 1166
1204 1203 1184
1204 1184 1185
1223 1222 1203
1223 1203 1204
1242 1241 1222
1242 1222 1223
1261 1260 1241
1261 1241 1242
1280 1279 1260
1280 1260 1261
1299 1298 1279
1299 1279 1280
1318 1317 1298
1318 1298 1299
1337 1336 1317
1337 1317 1318
1356 1355 1336
1356 1336 1337
1375 1374 1355
1375 1355 1356
7 8 26
26 8 27
26 27 45
45 27 46
45 46 64
64 46 65
64 65 83
83 65 84
83 84 102
102 84 103
102 103 121
121 103 122
121 122 140
140 122 141
140 141 159
159 141 160
159 160 178
178 160 179
178 179 197
197 179 198
197 198 216
216 198 217
216 217 235
235 217 236
235 236 254
254 236 255
254 255 273
273 255 274
273 274 292
292 274 293
292 293 311
311 293 312
311 312 330
330 312 331
330 331 349
349 331 350
349 350 368
368 350 369
368 369 387
387 369 388
387 388 406
406 388 407
406 407 425
425 407 426
425 426 444
444 426 445
444 445 463
463 445 464
463 464 482
482 464 483
482 483 501
501 483 502
501 502 520
520 502 521
520 521 539
539 521 540
539 540 558
558 540 559
558 559 577
577 559 578
577 578 596
596 578 597
596 597 615
615 597 616
615 616 634
634 616 635
634 635 653
653 635 654
653 654 672
672 654 673
672 673 691
691 673 692
711 710 691
711 691 692
730 729 710
730 710 711
749 748 729
749 729 730
768 767 748
768 748 749
787 786 767
787 767 768
806 805 786
806 786 787
825 824 805
825 805 806
844 843 824
844 824 825
863 862 843
863 843 844
882 881 862
882 862 863
901 900 881
901 881 882
920 919 900
920 900 901
939 938 919
939 919 920
958 957 938
958 938 939
977 976 957
977 957 958
996 995 976
996 976 977
1015 1014 995
1015 995 996
1034 1033 1014
1034 1014 1015
1053 1052 1033
1053 1033 1034
1072 1071 1052
1072 1052 1053
1091 1090 1071
1091 1071 1072
1110 1109 1090
1110 1090 1091
1129 1128 1109
1129 1109 1110
1148 1147 1128
1148 1128 1129
1167 1166 1147
1167 1147 1148
1186 1185 1166
1186 1166 1167
1205 1204 1185
1205 1185 1186
1224 1223 1204
1224 1204 1205
1243 1242 1223
1243 1223 1224
1262 1261 1242
1262 1242 1243
1281 1280 1261
1281 1261 1262
1300 1299 1280
1300 1280 1281
1319 1318 1299
1319 1299 1300
1338 1337 1318
1338 1318 1319
1357 1356 1337
1357 1337 1338
1376 1375 1356
1376 1356 1357
8 9 27
27 9 28
27 28 46
46 28 47
46 47 65
65 47 66
65 66 84
84 66 85
84 85 103
103 85 104
103 104 122
122 104 123
122 123 141
141 123 142
141 142 160
160 142 161
160 161 179
179 161 180
179 180 198
198 180 199
198 199 217
217 199 218
217 218 236
236 218 237
236 237 255
255 237 256
255 256 274
274 256 275
274 275 293
293 275 294
293 294 312
312 294 313
312 313 331
331 313 332
331 332 350
350 332 351
350 351 369
369 351 370
369 370 388
388 370 389
388 389 407
407 389 408
407 408 426
426 408 427
426 427 445
445 427 446
445 446 464
464 446 465
464 465 483
483 465 484
483 484 502
502 484 503
502 503 521
521 503 522
521 522 540
540 522 541
540 541 559
559 541 560
559 560 578
578 560 579
578 579 597
597 579 598
597 598 616
616 598 617
616 617 635
635 617 636
635 636 654
654 636 655
654 655 673
673 655 674
673 674 692
692 674 693
712 711 692
712 692 693
731 730 711
731 711 712
750 749 730
750 730 731
769 768 749
769 749 750
788 787 768
788 768 769
807 806 787
807 787 788
826 825 806
826 806 807
845 844 825
845 825 826
864 863 844
864 844 845
883 882 863
883 863 864
902 901 882
902 882 883
921 920 901
921 901 902
940 939 920
940 920 921
959 958 939
959 939 940
978 977 958
978 958 959
997 996 977
997 977 978
1016 1015 996
1016 996 997
1035 1034 1015
1035 1015 1016
1054 1053 1034
1054 1034 1035
1073 1072 1053
1073 1053 1054
1092 1091 1072
1092 1072 1073
1111 1110 1091
1111 1091 1092
1130 1129 1110
1130 1110 1111
1149 1148 1129
1149 1129 1130
1168 1167 1148
1168 1148 1149
1187 1186 1167
1187 1167 1168
1206 1205 1186
1206 1186 1187
1225 1224 1205
1225 1205 1206
1244 1243 1224
1244 1224 1225
1263 1262 1243
1263 1243 1244
1282 1281 1262
1282 1262 1263
1301 1300 1281
1301 1281 1282
1320 1319 1300
1320 1300 1301
1339 1338 1319
1339 1319 1320
1358 1357 1338
1358 1338 1339
1377 1376 1357
1377 1357 1358
9 10 28
28 10 29
28 29 47
47 29 48
47 48 66
66 48 67
66 67 85
85 67 86
85 86 104
104 86 105
104 105 123
123 105 124
123 124 142
142 124 143
142 143 161
161 143 162
161 162 180
180 162 181
180 181 199
199 181 200
199 200 218
218 200 219
218 219 237
237 219 238
237 238 256
256 238 257
256 257 275
275 257 276
275 276 294
294 276 295
294 295 313
313 295 314
313 314 332
332 314 333
332 333 351
351 333 352
351 352 370
370 352 371
370 371 389
389 371 390
389 390 408
408 390 409
408 409 427
427 409 428
427 428 446
446 428 447
446 447 465
465 447 466
465 466 484
484 466 485
484 485 503
503 485 504
503 504 522
522 504 523
522 523 541
541 523 542
541 542 560
560 542 561
560 561 579
579 561 580
579 580 598
598 580 599
598 599 617
617 599 618
617 618 636
636 618 637
636 637 655
655 637 656
655 656 674
674 656 675
674 675 693
693 675 694
713 712 693
713 693 694
732 731 712
732 712 713
751 750 731
751 731 732
770 769 750
770 750 751
789 788 769
789 769 770
808 807 788
808 788 789
827 826 807
827 807 808
846 845 826
846 826 827
865 864 845
865 845 846
884 883 864
884 864 865
903 902 883
903 883 884
922 921 902
922 902 903
941 940 921
941 921 922
960 959 940
960 940 941
979 978 959
979 959 960
998 997 978
998 978 979
1017 1016 997
1017 997 998
1036 1035 1016
1036 1016 1017
1055 1054 1035
1055 1035 1036
1074 1073 1054
1074 1054 1055
1093 1092 1073
1093 1073 1074
1112 1111 1092
1112 1092 1093
1131 1130 1111
1131 1111 1112
1150 1149 1130
1150 1130 1131
1169 1168 1149
1169 1149 1150
1188 1187 1168
1188 1168 1169
1207 1206 1187
1207 1187 1188
1226 1225 1206
1226 1206 1207
1245 1244 1225
1245 1225 1226
1264 1263 1244
1264 1244 1245
1283 1282 1263
1283 1263 1264
1302 1301 1282
1302 1282 1283
1321 1320 1301
1321 1301 1302
1340 1339 1320
1340 1320 1321
1359 1358 1339
1359 1339 1340
1378 1377 1358
1378 1358 1359
10 11 29
29 11 30
29 30 48
48 30 49
48 49 67
67 49 68
67 68 86
86 68 87
86 87 105
105 87 106
105 106 124
124 106 125
124 125 143
143 125 144
143 144 162
162 144 163
162 163 181
181 163 182
181 182 200
200 182 201
200 201 219
219 201 220
219 220 238
238 220 239
238 239 257
257 239 258
257 258 276
276 258 277
276 277 295
295 277 296
295 296 314
314 296 315
314 315 333
333 315 334
333 334 352
352 334 353
352 353 371
371 353 372
371 372 390
390 372 391
390 391 409
409 391 410
409 410 428
428 410 429
428 429 447
447 429 448
447 448 466
466 448 467
466 467 485
485 467 486
485 486 504
504 486 505
504 505 523
523 505 524
523 524 542
542 524 543
542 543 561
561 543 562
561 562 580
580 562 581
580 581 599
599 581 600
599 600 618
618 600 619
618 619 637
637 619 638
637 638 656
656 638 657
656 657 675
675 657 676
675 676 694
694 676 695
714 713 694
714 694 695
733 732 713
733 713 714
752 751 732
752 732 733
771 770 751
771 751 752
790 789 770
790 770 771
809 808 789
809 789 790
828 827 808
828 808 809
847 846 827
847 827 828
866 865 846
866 846 847
885 884 865
885 865 866
904 903 884
904 884 885
923 922 903
923 903 904
942 941 922
942 922 923
961 960 941
961 941 942
980 979 960
980 960 961
999 998 979
999 979 980
1018 1017 998
1018 998 999
1037 1036 1017
1037 1017 1018
1056 1055 1036
1056 1036 1037
1075 1074 1055
1075 1055 1056
1094 1093 1074
1094 1074 1075
1113 1112 1093
1113 1093 1094
1132 1131 1112
1132 1112 1113
1151 1150 1131
1151 1131 1132
1170 1169 1150
1170 1150 1151
1189 1188 1169
1189 1169 1170
1208 1207 1188
1208 1188 1189
1227 1226 1207
1227 1207 1208
1246 1245 1226
1246 1226 1227
1265 1264 1245
1265 1245 1246
1284 1283 1264
1284 1264 1265
1303 1302 1283
1303 1283 1284
1322 1321 1302
1322 1302 1303
1341 1340 1321
1341 1321 1322
1360 1359 1340
1360 1340 1341
1379 1378 1359
1379 1359 1360
11 12 30
30 12 31
30 31 49
49 31 50
49 50 68
68 50 69
68 69 87
87 69 88
87 88 106
106 88 107
106 107 125
125 107 126
125 126 144
144 126 145
144 145 163
163 145 164
163 164 182
182 164 183
182 183 201
201 183 202
201 202 220
220 202 221
220 221 239
239 221 240
239 240 258
258 240 259
258 259 277
277 259 278
277 278 296
296 278 297
296 297 315
315 297 316
315 316 334
334 316 335
334 335 353
353 335 354
353 354 372
372 354 373
372 373 391
391 373 392
391 392 410
410 392 411
410 411 429
429 411 430
429 430 448
448 430 449
448 449 467
467 449 468
467 468 486
486 468 487
486 487 505
505 487 506
505 506 524
524 506 525
524 525 543
543 525 544
543 544 562
562 544 563
562 563 581
581 563 582
581 582 600
600 582 601
600 601 619
619 601 620
619 620 638
638 620 639
638 639 657
657 639 658
657 658 676
676 658 677
676 677 695
695 677 696
715 714 695
715 695 696
734 733 714
734 714 715
753 752 733
753 733 734
772 771 752
772 752 753
791 790 771
791 771 772
810 809 790
810 790 791
829 828 809
829 809 810
848 847 828
848 828 829
867 866 847
867 847 848
886 885 866
886 866 867
905 904 885
905 885 886
924 923 904
924 904 905
943 942 923
943 923 924
962 961 942
962 942 943
981 980 961
981 961 962
1000 999 980
1000 980 981
1019 1018 999
1019 999 1000
1038 1037 1018
1038 1018 1019
1057 1056 1037
1057 1037 1038
1076 1075 1056
1076 1056 1057
1095 1094 1075
1095 1075 1076
1114 1113 1094
1114 1094 1095
1133 1132 1113
1133 1113 1114
1152 1151 1132
1152 1132 1133
1171 1170 1151
1171 1151 1152
1190 1189 1170
1190 1170 1171
1209 1208 1189
1209 1189 1190
1228 1227 1208
1228 1208 1209
1247 1246 1227
1247 1227 1228
1266 1265 1246
1266 1246 1247
1285 1284 1265
1285 1265 1266
1304 1303 1284
1304 1284 1285
1323 1322 1303
1323 1303 1304
1342 1341 1322
1342 1322 1323
1361 1360 1341
1361 1341 1342
1380 1379 1360
1380 1360 1361
12 13 31
31 13 32
31 32 50
50 32 51
50 51 69
69 51 70
69 70 88
88 70 89
88 89 107
107 89 108
107 108 126
126 108 127
126 127 145
145 127 146
145 146 164
164 146 165
164 165 183
183 165 184
183 184 202
202 184 203
202 203 221
221 203 222
221 222 240
240 222 241
240 241 259
259 241 260
259 260 278
278 260 279
278 279 297
297 279 298
297 298 316
316 298 317
316 317 335
335 317 336
335 336 354
354 336 355
354 355 373
373 355 374
373 374 392
392 374 393
392 393 411
411 393 412
411 412 430
430 412 431
430 431 449
449 431 450
449 450 468
468 450 469
468 469 487
487 469 488
487 488 506
506 488 507
506 507 525
525 507 526
525 526 544
544 526 545
544 545 563
563 545 564
563 564 582
582 564 583
582 583 601
601 583 602
601 602 620
620 602 621
620 621 639
639 621 640
639 640 658
658 640 659
658 659 677
677 659 678
677 678 696
696 678 697
716 715 696
716 696 697
735 734 715
735 715 716
754 753 734
754 734 735
773 772 753
773 753 754
792 791 772
792 772 773
811 810 791
811 791 792
830 829 810
830 810 811
849 848 829
849 829 830
868 867 848
868 848 849
887 886 867
887 867 868
906 905 886
906 886 887
925 924 905
925 905 906
944 943 924
944 924 925
963 962 943
963 943 944
982 981 962
982 962 963
1001 1000 981
1001 981 982
1020 1019 1000
1020 1000 1001
1039 1038 1019
1039 1019 1020
1058 1057 1038
1058 1038 1039
1077 1076 1057
1077 1057 1058
1096 1095 1076
1096 1076 1077
1115 1114 1095
1115 1095 1096
1134 1133 1114
1134 1114 1115
1153 1152 1133
1153 1133 1134
1172 1171 1152
1172 1152 1153
1191 1190 1171
1191 1171 1172
1210 1209 1190
1210 1190 1191
1229 1228 1209
1229 1209 1210
1248 1247 1228
1248 1228 1229
1267 1266 1247
1267 1247 1248
1286 1285 1266
1286 1266 1267
1305 1304 1285
1305 1285 1286
1324 1323 1304
1324 1304 1305
1343 1342 1323
1343 1323 1324
1362 1361 1342
1362 1342 1343
1381 1380 1361
1381 1361 1362
13 14 32
32 14 33
32 33 51
51 33 52
51 52 70
70 52 71
70 71 89
89 71 90
89 90 108
108 90 109
108 109 127
127 109 128
127 128 146
146 128 147
146 147 165
165 147 166
165 166 184
184 166 185
184 185 203
203 185 204
203 204 222
222 204 223
222 223 241
241 223 242
241 242 260
260 242 261
260 261 279
279 261 280
279 280 298
298 280 299
298 299 317
317 299 318
317 318 336
336 318 337
336 337 355
355 337 356
355 356 374
374 356 375
374 375 393
393 375 394
393 394 412
412 394 413
412 413 431
431 413 432
431 432 450
450 432 451
450 451 469
469 451 470
469 470 488
488 470 489
488 489 507
507 489 508
507 508 526
526 508 527
526 527 545
545 527 546
545 546 564
564 546 565
564 565 583
583 565 584
583 584 602
602 584 603
602 603 621
621 603 622
621 622 640
640 622 641
640 641 659
659 641 660
659 660 678
678 660 679
678 679 697
697 679 698
717 716 697
717 697 698
736 735 716
736 716 717
755 754 735
755 735 736
774 773 754
774 754 755
793 792 773
793 773 774
812 811 792
812 792 793
831 830 811
831 811 812
850 849 830
850 830 831
869 868 849
869 849 850
888 887 868
888 868 869
907 906 887
907 887 888
926 925 906
926 906 907
945 944 925
945 925 926
964 963 944
964 944 945
983 982 963
983 963 964
1002 1001 982
1002 982 983
1021 1020 1001
1021 1001 1002
1040 1039 1020
1040 1020 1021
1059 1058 1039
1059 1039 1040
1078 1077 1058
1078 1058 1059
1097 1096 1077
1097 1077 1078
1116 1115 1096
1116 1096 1097
1135 1134 1115
1135 1115 1116
1154 1153 1134
1154 1134 1135
1173 1172 1153
1173 1153 1154
1192 1191 1172
1192 1172 1173
1211 1210 1191
1211 1191 1192
1230 1229 1210
1230 1210 1211
1249 1248 1229
1249 1229 1230
1268 1267 1248
1268 1248 1249
1287 1286 1267
1287 1267 1268
1306 1305 1286
1306 1286 1287
1325 1324 1305
1325 1305 1306
1344 1343 1324
1344 1324 1325
1363 1362 1343
1363 1343 1344
1382 1381 1362
1382 1362 1363
14 15 33
33 15 34
33 34 52
52 34 53
52 53 71
71 53 72
71 72 90
90 72 91
90 91 109
109 91 110
109 110 128
128 110 129
128 129 147
147 129 148
147 148 166
166 148 167
166 167 185
185 167 186
185 186 204
204 186 205
204 205 223
223 205 224
223 224 242
242 224 243
242 243 261
261 243 262
261 262 280
280 262 281
280 281 299
299 281 300
299 300 318
318 300 319
318 319 337
337 319 338
337 338 356
356 338 357
356 357 375
375 357 376
375 376 394
394 376 395
394 395 413
413 395 414
413 414 432
432 414 433
432 433 451
451 433 452
451 452 470
470 452 471
470 471 489
489 471 490
489 490 508
508 490 509
508 509 527
527 509 528
527 528 546
546 528 547
546 547 565
565 547 566
565 566 584
584 566 585
584 585 603
603 585 604
603 604 622
622 604 623
622 623 641
641 623 642
641 642 660
660 642 661
660 661 679
679 661 680
679 680 698
698 680 699
718 717 698
718 698 699
737 736 717
737 717 718
756 755 736
756 736 737
775 774 755
775 755 756
794 793 774
794 774 775
813 812 793
813 793 794
832 831 812
832 812 813
851 850 831
851 831 832
870 869 850
870 850 851
889 888 869
889 869 870
908 907 888
908 888 889
927 926 907
927 907 908
946 945 926
946 926 927
965 964 945
965 945 946
984 983 964
984 964 965
1003 1002 983
1003 983 984
1022 1021 1002
1022 1002 1003
1041 1040 1021
1041 1021 1022
1060 1059 1040
1060 1040 1041
1079 1078 1059
1079 1059 1060
1098 1097 1078
1098 1078 1079
1117 1116 1097
1117 1097 1098
1136 1135 1116
1136 1116 1117
1155 1154 1135
1155 1135 1136
1174 1173 1154
1174 1154 1155
1193 1192 1173
1193 1173 1174
1212 1211 1192
1212 1192 1193
1231 1230 1211
1231 1211 1212
1250 1249 1230
1250 1230 1231
1269 1268 1249
1269 1249 1250
1288 1287 1268
1288 1268 1269
1307 1306 1287
1307 1287 1288
1326 1325 1306
1326 1306 1307
1345 1344 1325
1345 1325 1326
1364 1363 1344
1364 1344 1345
1383 1382 1363
1383 1363 1364
15 16 34
34 16 35
34 35 53
53 35 54
53 54 72
72 54 73
72 73 91
91 73 92
91 92 110
110 92 111
110 111 129
129 111 130
129 130 148
148 130 149
148 149 167
167 149 168
167 168 186
186 168 187
186 187 205
205 187 206
205 206 224
224 206 225
224 225 243
243 225 244
243 244 262
262 244 263
262 263 281
281 263 282
281 282 300
300 282 301
300 301 319
319 301 320
319 320 338
338 320 339
338 339 357
357 339 358
357 358 376
376 358 377
376 377 395
395 377 396
395 396 414
414 396 415
414 415 433
433 415 434
433 434 452
452 434 453
452 453 471
471 453 472
471 472 490
490 472 491
490 491 509
509 491 510
509 510 528
528 510 529
528 529 547
547 529 548
547 548 566
566 548 567
566 567 585
585 567 586
585 586 604
604 586 605
604 605 623
623 605 624
623 624 642
642 624 643
642 643 661
661 643 662
661 662 680
680 662 681
680 681 699
699 681 700
719 718 699
719 699 700
738 737 718
738 718 719
757 756 737
757 737 738
776 775 756
776 756 757
795 794 775
795 775 776
814 813 794
814 794 795
833 832 813
833 813 814
852 851 832
852 832 833
871 870 851
871 851 852
890 889 870
890 870 871
909 908 889
909 889 890
928 927 908
928 908 909
947 946 927
947 927 928
966 965 946
966 946 947
985 984 965
985 965 966
1004 1003 984
1004 984 985
1023 1022 1003
1023 1003 1004
1042 1041 1022
1042 1022 1023
1061 1060 1041
1061 1041 1042
1080 1079 1060
1080 1060 1061
1099 1098 1079
1099 1079 1080
1118 1117 1098
1118 1098 1099
1137 1136 1117
1137 1117 1118
1156 1155 1136
1156 1136 1137
1175 1174 1155
1175 1155 1156
1194 1193 1174
1194 1174 1175
1213 1212 1193
1213 1193 1194
1232 1231 1212
1232 1212 1213
1251 1250 1231
1251 1231 1232
1270 1269 1250
1270 1250 1251
1289 1288 1269
1289 1269 1270
1308 1307 1288
1308 1288 1289
1327 1326 1307
1327 1307 1308
1346 1345 1326
1346 1326 1327
1365 1364 1345
1365 1345 1346
1384 1383 1364
1384 1364 1365
16 17 35
35 17 36
35 36 54
54 36 55
54 55 73
73 55 74
73 74 92
92 74 93
92 93 111
111 93 112
111 112 130
130 112 131
130 131 149
149 131 150
149 150 168
168 150 169
168 169 187
187 169 188
187 188 206
206 188 207
206 207 225
225 207 226
225 226 244
244 226 245
244 245 263
263 245 264
263 264 282
282 264 283
282 283 301
301 283 302
301 302 320
320 302 321
320 321 339
339 321 340
339 340 358
358 340 359
358 359 377
377 359 378
377 378 396
396 378 397
396 397 415
415 397 416
415 416 434
434 416 435
434 435 453
453 435 454
453 454 472
472 454 473
472 473 491
491 473 492
491 492 510
510 492 511
510 511 529
529 511 530
529 530 548
548 530 549
548 549 567
567 549 568
567 568 586
586 568 587
586 587 605
605 587 606
605 606 624
624 606 625
624 625 643
643 625 644
643 644 662
662 644 663
662 663 681
681 663 682
681 682 700
700 682 701
720 719 700
720 700 701
739 738 719
739 719 720
758 757 738
758 738 739
777 776 757
777 757 758
796 795 776
796 776 777
815 814 795
815 795 796
834 833 814
834 814 815
853 852 833
853 833 834
872 871 852
872 852 853
891 890 871
891 871 872
910 909 890
910 890 891
929 928 909
929 909 910
948 947 928
948 928 929
967 966 947
967 947 948
986 985 966
986 966 967
1005 1004 985
1005 985 986
1024 1023 1004
1024 1004 1005
1043 1042 1023
1043 1023 1024
1062 1061 1042
1062 1042 1043
1081 1080 1061
1081 1061 1062
1100 1099 1080
1100 1080 1081
1119 1118 1099
1119 1099 1100
1138 1137 1118
1138 1118 1119
1157 1156 1137
1157 1137 1138
1176 1175 1156
1176 1156 1157
1195 1194 1175
1195 1175 1176
1214 1213 1194
1214 1194 1195
1233 1232 1213
1233 1213 1214
1252 1251 1232
1252 1232 1233
1271 1270 1251
1271 1251 1252
1290 1289 1270
1290 1270 1271
1309 1308 1289
1309 1289 1290
1328 1327 1308
1328 1308 1309
1347 1346 1327
1347 1327 1328
1366 1365 1346
1366 1346 1347
1385 1384 1365
1385 1365 1366
17 18 36
36 18 37
36 37 55
55 37 56
55 56 74
74 56 75
74 75 93
93 75 94
93 94 112
112 94 113
112 113 131
131 113 132
131 132 150
150 132 151
150 151 169
169 151 170
169 170 188
188 170 189
188 189 207
207 189 208
207 208 226
226 208 227
226 227 245
245 227 246
245 246 264
264 246 265
264 265 283
283 265 284
283 284 302
302 284 303
302 303 321
321 303 322
321 322 340
340 322 341
340 341 359
359 341 360
359 360 378
378 360 379
378 379 397
397 379 398
397 398 416
416 398 417
416 417 435
435 417 436
435 436 454
454 436 455
454 455 473
473 455 474
473 474 492
492 474 493
492 493 511
511 493 512
511 512 530
530 512 531
530 531 549
549 531 550
549 550 568
568 550 569
568 569 587
587 569 588
587 588 606
606 588 607
606 607 625
625 607 626
625 626 644
644 626 645
644 645 663
663 645 664
663 664 682
682 664 683
682 683 701
701 683 702
721 720 701
721 701 702
740 739 720
740 720 721
759 758 739
759 739 740
778 777 758
778 758 759
797 796 777
797 777 778
816 815 796
816 796 797
835 834 815
835 815 816
854 853 834
854 834 835
873 872 853
873 853 854
892 891 872
892 872 873
911 910 891
911 891 892
930 929 910
930 910 911
949 948 929
949 929 930
968 967 948
968 948 949
987 986 967
987 967 968
1006 1005 986
1006 986 987
1025 1024 1005
1025 1005 1006
1044 1043 1024
1044 1024 1025
1063 1062 1043
1063 1043 1044
1082 1081 1062
1082 1062 1063
1101 1100 1081
1101 1081 1082
1120 1119 1100
1120 1100 1101
1139 1138 1119
1139 1119 1120
1158 1157 1138
1158 1138 1139
1177 1176 1157
1177 1157 1158
1196 1195 1176
1196 1176 1177
1215 1214 1195
1215 1195 1196
1234 1233 1214
1234 1214 1215
1253 1252 1233
1253 1233 1234
1272 1271 1252
1272 1252 1253
1291 1290 1271
1291 1271 1272
1310 1309 1290
1310 1290 1291
1329 1328 1309
1329 1309 1310
1348 1347 1328
1348 1328 1329
1367 1366 1347
1367 1347 1348
1386 1385 1366
1386 1366 1367
0  0  0.0012338
0.0872665  0  0.00341041
0.174533  0  0.00886973
0.261799  0  0.0217048
0.349066  0  0.0499738
0.436332  0  0.108261
0.523599  0  0.220668
0.610865  0  0.423204
0.698132  0  0.763662
0.785398  0  1.29656
0.872665  0  2.07123
0.959931  0  3.11318
1.0472  0  4.40271
1.13446  0  5.85839
1.22173  0  7.33462
1.309  0  8.64008
1.39626  0  9.57634
1.48353  0  9.98672
1.5708  0  9.79912
0  0.0872665  0.00120622
0.0872665  0.0872665  0.00333418
0.174533  0.0872665  0.00867147
0.261799  0.0872665  0.0212196
0.349066  0.0872665  0.0488567
0.436332  0.0872665  0.105841
0.523599  0.0872665  0.215735
0.610865  0.0872665  0.413744
0.698132  0.0872665  0.746592
0.785398  0.0872665  1.26758
0.872665  0.0872665  2.02493
0.959931  0.0872665  3.04359
1.0472  0.0872665  4.3043
1.13446  0.0872665  5.72744
1.22173  0.0872665  7.17067
1.309  0.0872665  8.44695
1.39626  0.0872665  9.36229
1.48353  0.0872665  9.76349
1.5708  0.0872665  9.58008
0  0.174533  0.00112823
0.0872665  0.174533  0.00311861
0.174533  0.174533  0.00811082
0.261799  0.174533  0.0198477
0.349066  0.174533  0.0456979
0.436332  0.174533  0.0989975
0.523599  0.174533  0.201787
0.610865  0.174533  0.386993
0.698132  0.174533  0.698321
0.785398  0.174533  1.18563
0.872665  0.174533  1.89401
0.959931  0.174533  2.8468
1.0472  0.174533  4.02601
1.13446  0.174533  5.35713
1.22173  0.174533  6.70705
1.309  0.174533  7.90082
1.39626  0.174533  8.75697
1.48353  0.174533  9.13223
1.5708  0.174533  8.96068
0  0.261799  0.00101231
0.0872665  0.261799  0.00279819
0.174533  0.261799  0.00727749
0.261799  0.261799  0.0178085
0.349066  0.261799  0.0410028
0.436332  0.261799  0.0888263
0.523599  0.261799  0.181055
0.610865  0.261799  0.347233
0.698132  0.261799  0.626574
0.785398  0.261799  1.06381
0.872665  0.261799  1.69942
0.959931  0.261799  2.55432
1.0472  0.261799  3.61237
1.13446  0.261799  4.80673
1.22173  0.261799  6.01796
1.309  0.261799  7.08907
1.39626  0.261799  7.85726
1.48353  0.261799  8.19397
1.5708  0.261799  8.04005
0  0.349066  0.000874394
0.0872665  0.349066  0.00241696
0.174533  0.349066  0.00628599
0.261799  0.349066  0.0153822
0.349066  0.349066  0.0354165
0.436332  0.349066  0.0767244
0.523599  0.349066  0.156388
0.610865  0.349066  0.299925
0.698132  0.349066  0.541209
0.785398  0.349066  0.918877
0.872665  0.349066  1.46788
0.959931  0.349066  2.20631
1.0472  0.349066  3.12021
1.13446  0.349066  4.15185
1.22173  0.349066  5.19806
1.309  0.349066  6.12324
1.39626  0.349066  6.78677
1.48353  0.349066  7.0776
1.5708  0.349066  6.94465
0  0.436332  0.000729313
0.0872665  0.436332  0.00201594
0.174533  0.436332  0.00524301
0.261799  0.436332  0.01283
0.349066  0.436332  0.0295401
0.436332  0.436332  0.0639941
0.523599  0.436332  0.13044
0.610865  0.436332  0.250161
0.698132  0.436332  0.45141
0.785398  0.436332  0.766415
0.872665  0.436332  1.22433
0.959931  0.436332  1.84024
1.0472  0.436332  2.6025
1.13446  0.436332  3.46297
1.22173  0.436332  4.33558
1.309  0.436332  5.10726
1.39626  0.436332  5.6607
1.48353  0.436332  5.90327
1.5708  0.436332  5.79238
0  0.523599  0.000588021
0.0872665  0.523599  0.00162538
0.174533  0.523599  0.00422726
0.261799  0.523599  0.0103444
0.349066  0.523599  0.0238172
0.436332  0.523599  0.0515963
0.523599  0.523599  0.105169
0.610865  0.523599  0.201697
0.698132  0.523599  0.363957
0.785398  0.523599  0.617935
0.872665  0.523599  0.987136
0.959931  0.523599  1.48372
1.0472  0.523599  2.09831
1.13446  0.523599  2.79208
1.22173  0.523599  3.49564
1.309  0.523599  4.11782
1.39626  0.523599  4.56403
1.48353  0.523599  4.75961
1.5708  0.523599  4.6702
0  0.610865  0.000457022
0.0872665  0.610865  0.00126328
0.174533  0.610865  0.00328552
0.261799  0.610865  0.00803987
0.349066  0.610865  0.0185113
0.436332  0.610865  0.0401018
0.523599  0.610865  0.0817396
0.610865  0.610865  0.156763
0.698132  0.610865  0.282875
0.785398  0.610865  0.480272
0.872665  0.610865  0.767223
0.959931  0.610865  1.15318
1.0472  0.610865  1.63085
1.13446  0.610865  2.17006
1.22173  0.610865  2.71688
1.309  0.610865  3.20045
1.39626  0.610865  3.54726
1.48353  0.610865  3.69927
1.5708  0.610865  3.62978
0  0.698132  0.000339292
0.0872665  0.698132  0.000937856
0.174533  0.698132  0.00243916
0.261799  0.698132  0.00596878
0.349066  0.698132  0.0137427
0.436332  0.698132  0.0297715
0.523599  0.698132  0.0606833
0.610865  0.698132  0.11638
0.698132  0.698132  0.210006
0.785398  0.698132  0.356553
0.872665  0.698132  0.569584
0.959931  0.698132  0.856118
1.0472  0.698132  1.21074
1.13446  0.698132  1.61105
1.22173  0.698132  2.01701
1.309  0.698132  2.37601
1.39626  0.698132  2.63348
1.48353  0.698132  2.74633
1.5708  0.698132  2.69474
0  0.785398  0.000235542
0.0872665  0.785398  0.000651075
0.174533  0.785398  0.0016933
0.261799  0.785398  0.00414362
0.349066  0.785398  0.00954041
0.436332  0.785398  0.0206678
0.523599  0.785398  0.0421273
0.610865  0.785398  0.0807931
0.698132  0.785398  0.145789
0.785398  0.785398  0.247525
0.872665  0.785398  0.395415
0.959931  0.785398  0.594331
1.0472  0.785398  0.840514
1.13446  0.785398  1.11841
1.22173  0.785398  1.40024
1.309  0.785398  1.64946
1.39626  0.785398  1.8282
1.48353  0.785398  1.90655
1.5708  0.785398  1.87073
0  0.872665  0.000145208
0.0872665  0.872665  0.000401376
0.174533  0.872665  0.00104389
0.261799  0.872665  0.00255447
0.349066  0.872665  0.0058815
0.436332  0.872665  0.0127414
0.523599  0.872665  0.0259708
0.610865  0.872665  0.0498075
0.698132  0.872665  0.0898766
0.785398  0.872665  0.152595
0.872665  0.872665  0.243766
0.959931  0.872665  0.366395
1.0472  0.872665  0.518162
1.13446  0.872665  0.689483
1.22173  0.872665  0.863223
1.309  0.872665  1.01687
1.39626  0.872665  1.12706
1.48353  0.872665  1.17535
1.5708  0.872665  1.15327
0  0.959931  6.71014e-05
0.0872665  0.959931  0.000185479
0.174533  0.959931  0.00048239
0.261799  0.959931  0.00118044
0.349066  0.959931  0.00271788
0.436332  0.959931  0.00588787
0.523599  0.959931  0.0120013
0.610865  0.959931  0.0230164
0.698132  0.959931  0.0415326
0.785398  0.959931  0.0705151
0.872665  0.959931  0.112646
0.959931  0.959931  0.169314
1.0472  0.959931  0.239446
1.13446  0.959931  0.318615
1.22173  0.959931  0.398901
1.309  0.959931  0.469901
1.39626  0.959931  0.52082
1.48353  0.959931  0.543139
1.5708  0.959931  0.532936
0  1.0472  -1.50647e-07
0.0872665  1.0472  -4.16411e-07
0.174533  1.0472  -1.083e-06
0.261799  1.0472  -2.65016e-06
0.349066  1.0472  -6.10181e-06
0.436332  1.0472  -1.32186e-05
0.523599  1.0472  -2.69436e-05
0.610865  1.0472  -5.16732e-05
0.698132  1.0472  -9.32432e-05
0.785398  1.0472  -0.000158311
0.872665  1.0472  -0.000252897
0.959931  1.0472  -0.000380119
1.0472  1.0472  -0.000537572
1.13446  1.0472  -0.00071531
1.22173  1.0472  -0.000895558
1.309  1.0472  -0.00105496
1.39626  1.0472  -0.00116927
1.48353  1.0472  -0.00121938
1.5708  1.0472  -0.00119647
0  1.13446  -5.78837e-05
0.0872665  1.13446  -0.00016
0.174533  1.13446  -0.000416124
0.261799  1.13446  -0.00101828
0.349066  1.13446  -0.00234452
0.436332  1.13446  -0.00507905
0.523599  1.13446  -0.0103526
0.610865  1.13446  -0.0198546
0.698132  1.13446  -0.0358272
0.785398  1.13446  -0.0608284
0.872665  1.13446  -0.0971719
0.959931  1.13446  -0.146055
1.0472  1.13446  -0.206554
1.13446  1.13446  -0.274847
1.22173  1.13446  -0.344104
1.309  1.13446  -0.40535
1.39626  1.13446  -0.449275
1.48353  1.13446  -0.468527
1.5708  1.13446  -0.459726
0  1.22173  -0.000107385
0.0872665  1.22173  -0.000296829
0.174533  1.22173  -0.000771986
0.261799  1.22173  -0.0018891
0.349066  1.22173  -0.00434952
0.436332  1.22173  -0.00942257
0.523599  1.22173  -0.0192061
0.610865  1.22173  -0.036834
0.698132  1.22173  -0.0664661
0.785398  1.22173  -0.112848
0.872665  1.22173  -0.180272
0.959931  1.22173  -0.270959
1.0472  1.22173  -0.383195
1.13446  1.22173  -0.509891
1.22173  1.22173  -0.638376
1.309  1.22173  -0.751999
1.39626  1.22173  -0.833487
1.48353  1.22173  -0.869205
1.5708  1.22173  -0.852877
0  1.309  -0.000149958
0.0872665  1.309  -0.000414507
0.174533  1.309  -0.00107804
0.261799  1.309  -0.00263804
0.349066  1.309  -0.00607391
0.436332  1.309  -0.0131582
0.523599  1.309  -0.0268204
0.610865  1.309  -0.051437
0.698132  1.309  -0.0928169
0.785398  1.309  -0.157587
0.872665  1.309  -0.251741
0.959931  1.309  -0.378381
1.0472  1.309  -0.535114
1.13446  1.309  -0.71204
1.22173  1.309  -0.891463
1.309  1.309  -1.05013
1.39626  1.309  -1.16393
1.48353  1.309  -1.2138
1.5708  1.309  -1.191
0  1.39626  -0.000186851
0.0872665  1.39626  -0.000516486
0.174533  1.39626  -0.00134327
0.261799  1.39626  -0.00328706
0.349066  1.39626  -0.00756823
0.436332  1.39626  -0.0163954
0.523599  1.39626  -0.0334188
0.610865  1.39626  -0.0640917
0.698132  1.39626  -0.115652
0.785398  1.39626  -0.196357
0.872665  1.39626  -0.313675
0.959931  1.39626  -0.471472
1.0472  1.39626  -0.666764
1.13446  1.39626  -0.887218
1.22173  1.39626  -1.11078
1.309  1.39626  -1.30849
1.39626  1.39626  -1.45028
1.48353  1.39626  -1.51243
1.5708  1.39626  -1.48402
0  1.48353  -0.000219033
0.0872665  1.48353  -0.000605443
0.174533  1.48353  -0.00157462
0.261799  1.48353  -0.00385321
0.349066  1.48353  -0.00887174
0.436332  1.48353  -0.0192193
0.523599  1.48353  -0.0391747
0.610865  1.48353  -0.0751305
0.698132  1.48353  -0.135571
0.785398  1.48353  -0.230176
0.872665  1.48353  -0.367701
0.959931  1.48353  -0.552675
1.0472  1.48353  -0.781604
1.13446  1.48353  -1.04003
1.22173  1.48353  -1.3021
1.309  1.48353  -1.53386
1.39626  1.48353  -1.70007
1.48353  1.48353  -1.77292
1.5708  1.48353  -1.73962
0  1.5708  -0.000247061
0.0872665  1.5708  -0.000682914
0.174533  1.5708  -0.00177611
0.261799  1.5708  -0.00434626
0.349066  1.5708  -0.010007
0.436332  1.5708  -0.0216785
0.523599  1.5708  -0.0441875
0.610865  1.5708  -0.0847441
0.698132  1.5708  -0.152919
0.785398  1.5708  -0.259629
0.872665  1.5708  -0.414752
0.959931  1.5708  -0.623395
1.0472  1.5708  -0.881618
1.13446  1.5708  -1.17311
1.22173  1.5708  -1.46871
1.309  1.5708  -1.73013
1.39626  1.5708  -1.91761
1.48353  1.5708  -1.99978
1.5708  1.5708  -1.96222
0  1.65806  -0.000271245
0.0872665  1.65806  -0.000749763
0.174533  1.65806  -0.00194997
0.261799  1.65806  -0.0047717
0.349066  1.65806  -0.0109865
0.436332  1.65806  -0.0238006
0.523599  1.65806  -0.0485128
0.610865  1.65806  -0.0930394
0.698132  1.65806  -0.167888
0.785398  1.65806  -0.285044
0.872665  1.65806  -0.45535
0.959931  1.65806  -0.684417
1.0472  1.65806  -0.967916
1.13446  1.65806  -1.28794
1.22173  1.65806  -1.61248
1.309  1.65806  -1.89948
1.39626  1.65806  -2.10532
1.48353  1.65806  -2.19553
1.5708  1.65806  -2.15429
0  1.74533  -0.000292004
0.0872665  1.74533  -0.000807144
0.174533  1.74533  -0.00209921
0.261799  1.74533  -0.00513689
0.349066  1.74533  -0.0118273
0.436332  1.74533  -0.0256221
0.523599  1.74533  -0.0522256
0.610865  1.74533  -0.10016
0.698132  1.74533  -0.180736
0.785398  1.74533  -0.306859
0.872665  1.74533  -0.490199
0.959931  1.74533  -0.736797
1.0472  1.74533  -1.04199
1.13446  1.74533  -1.38651
1.22173  1.74533  -1.73589
1.309  1.74533  -2.04485
1.39626  1.74533  -2.26644
1.48353  1.74533  -2.36356
1.5708  1.74533  -2.31916
0  1.8326  -0.000310024
0.0872665  1.8326  -0.000856956
0.174533  1.8326  -0.00222876
0.261799  1.8326  -0.00545391
0.349066  1.8326  -0.0125572
0.436332  1.8326  -0.0272033
0.523599  1.8326  -0.0554487
0.610865  1.8326  -0.106341
0.698132  1.8326  -0.19189
0.785398  1.8326  -0.325796
0.872665  1.8326  -0.520452
0.959931  1.8326  -0.782268
1.0472  1.8326  -1.1063
1.13446  1.8326  -1.47208
1.22173  1.8326  -1.84302
1.309  1.8326  -2.17105
1.39626  1.8326  -2.40631
1.48353  1.8326  -2.50943
1.5708  1.8326  -2.46229
0  1.91986  -0.000326027
0.0872665  1.91986  -0.00090119
0.174533  1.91986  -0.0023438
0.261799  1.91986  -0.00573542
0.349066  1.91986  -0.0132054
0.436332  1.91986  -0.0286075
0.523599  1.91986  -0.0583108
0.610865  1.91986  -0.11183
0.698132  1.91986  -0.201795
0.785398  1.91986  -0.342613
0.872665  1.91986  -0.547316
0.959931  1.91986  -0.822647
1.0472  1.91986  -1.1634
1.13446  1.91986  -1.54806
1.22173  1.91986  -1.93815
1.309  1.91986  -2.28312
1.39626  1.91986  -2.53052
1.48353  1.91986  -2.63896
1.5708  1.91986  -2.58939
0  2.00713  -0.000340372
0.0872665  2.00713  -0.000940842
0.174533  2.00713  -0.00244692
0.261799  2.00713  -0.00598778
0.349066  2.00713  -0.0137864
0.436332  2.00713  -0.0298662
0.523599  2.00713  -0.0608764
0.610865  2.00713  -0.116751
0.698132  2.00713  -0.210674
0.785398  2.00713  -0.357688
0.872665  2.00713  -0.571397
0.959931  2.00713  -0.858843
1.0472  2.00713  -1.21459
1.13446  2.00713  -1.61617
1.22173  2.00713  -2.02343
1.309  2.00713  -2.38357
1.39626  2.00713  -2.64186
1.48353  2.00713  -2.75507
1.5708  2.00713  -2.70332
0  2.0944  -0.000352965
0.0872665  2.0944  -0.000975652
0.174533  2.0944  -0.00253746
0.261799  2.0944  -0.00620932
0.349066  2.0944  -0.0142965
0.436332  2.0944  -0.0309712
0.523599  2.0944  -0.0631288
0.610865  2.0944  -0.12107
0.698132  2.0944  -0.218469
0.785398  2.0944  -0.370922
0.872665  2.0944  -0.592538
0.959931  2.0944  -0.890619
1.0472  2.0944  -1.25953
1.13446  2.0944  -1.67597
1.22173  2.0944  -2.09829
1.309  2.0944  -2.47176
1.39626  2.0944  -2.73961
1.48353  2.0944  -2.85701
1.5708  2.0944  -2.80334
0  2.18166  -0.000363617
0.0872665  2.18166  -0.00100509
0.174533  2.18166  -0.00261403
0.261799  2.18166  -0.00639671
0.349066  2.18166  -0.014728
0.436332  2.18166  -0.0319059
0.523599  2.18166  -0.0650339
0.610865  2.18166  -0.124724
0.698132  2.18166  -0.225062
0.785398  2.18166  -0.382116
0.872665  2.18166  -0.61042
0.959931  2.18166  -0.917496
1.0472  2.18166  -1.29754
1.13446  2.18166  -1.72655
1.22173  2.18166  -2.16161
1.309  2.18166  -2.54635
1.39626  2.18166  -2.82228
1.48353  2.18166  -2.94322
1.5708  2.18166  -2.88794
0  2.26893  -0.000372494
0.0872665  2.26893  -0.00102963
0.174533  2.26893  -0.00267785
0.261799  2.26893  -0.00655287
0.349066  2.26893  -0.0150875
0.436332  2.26893  -0.0326848
0.523599  2.26893  -0.0666216
0.610865  2.26893  -0.127769
0.698132  2.26893  -0.230556
0.785398  2.26893  -0.391444
0.872665  2.26893  -0.625322
0.959931  2.26893  -0.939895
1.0472  2.26893  -1.32922
1.13446  2.26893  -1.7687
1.22173  2.26893  -2.21438
1.309  2.26893  -2.60852
1.39626  2.26893  -2.89118
1.48353  2.26893  -3.01508
1.5708  2.26893  -2.95844
0  2.35619  -0.000380163
0.0872665  2.35619  -0.00105083
0.174533  2.35619  -0.00273298
0.261799  2.35619  -0.00668778
0.349066  2.35619  -0.0153981
0.436332  2.35619  -0.0333577
0.523599  2.35619  -0.0679932
0.610865  2.35619  -0.130399
0.698132  2.35619  -0.235303
0.785398  2.35619  -0.399503
0.872665  2.35619  -0.638196
0.959931  2.35619  -0.959245
1.0472  2.35619  -1.35658
1.13446  2.35619  -1.80511
1.22173  2.35619  -2.25997
1.309  2.35619  -2.66222
1.39626  2.35619  -2.9507
1.48353  2.35619  -3.07715
1.5708  2.35619  -3.01935
0  2.44346  -0.000387152
0.0872665  2.44346  -0.00107015
0.174533  2.44346  -0.00278323
0.261799  2.44346  -0.00681073
0.349066  2.44346  -0.0156812
0.436332  2.44346  -0.033971
0.523599  2.44346  -0.0692432
0.610865  2.44346  -0.132797
0.698132  2.44346  -0.239629
0.785398  2.44346  -0.406848
0.872665  2.44346  -0.64993
0.959931  2.44346  -0.976881
1.0472  2.44346  -1.38152
1.13446  2.44346  -1.8383
1.22173  2.44346  -2.30152
1.309  2.44346  -2.71117
1.39626  2.44346  -3.00495
1.48353  2.44346  -3.13373
1.5708  2.44346  -3.07486
0  2.53073  -0.000393501
0.0872665  2.53073  -0.0010877
0.174533  2.53073  -0.00282887
0.261799  2.53073  -0.00692243
0.349066  2.53073  -0.0159384
0.436332  2.53073  -0.0345281
0.523599  2.53073  -0.0703788
0.610865  2.53073  -0.134975
0.698132  2.53073  -0.243559
0.785398  2.53073  -0.41352
0.872665  2.53073  -0.660588
0.959931  2.53073  -0.992902
1.0472  2.53073  -1.40418
1.13446  2.53073  -1.86845
1.22173  2.53073  -2.33927
1.309  2.53073  -2.75563
1.39626  2.53073  -3.05423
1.48353  2.53073  -3.18512
1.5708  2.53073  -3.12529
0  2.61799  -0.000398808
0.0872665  2.61799  -0.00110237
0.174533  2.61799  -0.00286702
0.261799  2.61799  -0.00701578
0.349066  2.61799  -0.0161534
0.436332  2.61799  -0.0349938
0.523599  2.61799  -0.0713279
0.610865  2.61799  -0.136795
0.698132  2.61799  -0.246843
0.785398  2.61799  -0.419097
0.872665  2.61799  -0.669497
0.959931  2.61799  -1.00629
1.0472  2.61799  -1.42312
1.13446  2.61799  -1.89365
1.22173  2.61799  -2.37082
1.309  2.61799  -2.79279
1.39626  2.61799  -3.09542
1.48353  2.61799  -3.22807
1.5708  2.61799  -3.16743
0  2.70526  -0.000402752
0.0872665  2.70526  -0.00111327
0.174533  2.70526  -0.00289537
0.261799  2.70526  -0.00708516
0.349066  2.70526  -0.0163131
0.436332  2.70526  -0.0353398
0.523599  2.70526  -0.0720332
0.610865  2.70526  -0.138148
0.698132  2.70526  -0.249284
0.785398  2.70526  -0.423241
0.872665  2.70526  -0.676117
0.959931  2.70526  -1.01624
1.0472  2.70526  -1.43719
1.13446  2.70526  -1.91237
1.22173  2.70526  -2.39426
1.309  2.70526  -2.82041
1.39626  2.70526  -3.12603
1.48353  2.70526  -3.25999
1.5708  2.70526  -3.19875
0  2.79253  -0.000405527
0.0872665  2.79253  -0.00112094
0.174533  2.79253  -0.00291532
0.261799  2.79253  -0.00713399
0.349066  2.79253  -0.0164255
0.436332  2.79253  -0.0355833
0.523599  2.79253  -0.0725297
0.610865  2.79253  -0.1391
0.698132  2.79253  -0.251002
0.785398  2.79253  -0.426158
0.872665  2.79253  -0.680777
0.959931  2.79253  -1.02325
1.0472  2.79253  -1.44709
1.13446  2.79253  -1.92555
1.22173  2.79253  -2.41076
1.309  2.79253  -2.83984
1.39626  2.79253  -3.14758
1.48353  2.79253  -3.28246
1.5708  2.79253  -3.2208
0  2.87979  -0.000407711
0.0872665  2.87979  -0.00112698
0.174533  2.87979  -0.00293102
0.261799  2.87979  -0.00717239
0.349066  2.87979  -0.0165139
0.436332  2.87979  -0.0357749
0.523599  2.87979  -0.0729201
0.610865  2.87979  -0.139849
0.698132  2.87979  -0.252354
0.785398  2.87979  -0.428452
0.872665  2.87979  -0.684442
0.959931  2.87979  -1.02875
1.0472  2.87979  -1.45488
1.13446  2.87979  -1.93592
1.22173  2.87979  -2.42374
1.309  2.87979  -2.85513
1.39626  2.87979  -3.16452
1.48353  2.87979  -3.30013
1.5708  2.87979  -3.23814
0  2.96706  -0.000409684
0.0872665  2.96706  -0.00113243
0.174533  2.96706  -0.0029452
0.261799  2.96706  -0.0072071
0.349066  2.96706  -0.0165939
0.436332  2.96706  -0.035948
0.523599  2.96706  -0.073273
0.610865  2.96706  -0.140525
0.698132  2.96706  -0.253575
0.785398  2.96706  -0.430526
0.872665  2.96706  -0.687754
0.959931  2.96706  -1.03373
1.0472  2.96706  -1.46193
1.13446  2.96706  -1.94528
1.22173  2.96706  -2.43547
1.309  2.96706  -2.86895
1.39626  2.96706  -3.17984
1.48353  2.96706  -3.3161
1.5708  2.96706  -3.25381
0  3.05433  -0.00041125
0.0872665  3.05433  -0.00113676
0.174533  3.05433  -0.00295647
0.261799  3.05433  -0.00723466
0.349066  3.05433  -0.0166573
0.436332  3.05433  -0.0360855
0.523599  3.05433  -0.0735533
0.610865  3.05433  -0.141063
0.698132  3.05433  -0.254545
0.785398  3.05433  -0.432172
0.872665  3.05433  -0.690384
0.959931  3.05433  -1.03769
1.0472  3.05433  -1.46752
1.13446  3.05433  -1.95272
1.22173  3.05433  -2.44478
1.309  3.05433  -2.87992
1.39626  3.05433  -3.192
1.48353  3.05433  -3.32878
1.5708  3.05433  -3.26625
0  3.14159  -0.000411868
0.0872665  3.14159  -0.00113847
0.174533  3.14159  -0.00296091
0.261799  3.14159  -0.00724553
0.349066  3.14159  -0.0166823
0.436332  3.14159  -0.0361397
0.523599  3.14159  -0.0736637
0.610865  3.14159  -0.141275
0.698132  3.14159  -0.254927
0.785398  3.14159  -0.432821
0.872665  3.14159  -0.691421
0.959931  3.14159  -1.03925
1.0472  3.14159  -1.46972
1.13446  3.14159  -1.95566
1.22173  3.14159  -2.44845
1.309  3.14159  -2.88425
1.39626  3.14159  -3.19679
1.48353  3.14159  -3.33378
1.5708  3.14159  -3.27116
0  3.22886  -0.00041125
0.0872665  3.22886  -0.00113676
0.174533  3.22886  -0.00295647
0.261799  3.22886  -0.00723466
0.349066  3.22886  -0.0166573
0.436332  3.22886  -0.0360855
0.523599  3.22886  -0.0735533
0.610865  3.22886  -0.141063
0.698132  3.22886  -0.254545
0.785398  3.22886  -0.432172
0.872665  3.22886  -0.690384
0.959931  3.22886  -1.03769
1.0472  3.22886  -1.46752
1.13446  3.22886  -1.95272
1.22173  3.22886  -2.44478
1.309  3.22886  -2.87992
1.39626  3.22886  -3.192
1.48353  3.22886  -3.32878
1.5708  3.22886  -3.26625
0  3.31613  -0.000409684
0.0872665  3.31613  -0.00113243
0.174533  3.31613  -0.0029452
0.261799  3.31613  -0.0072071
0.349066  3.31613  -0.0165939
0.436332  3.31613  -0.035948
0.523599  3.31613  -0.073273
0.610865  3.31613  -0.140525
0.698132  3.31613  -0.253575
0.785398  3.31613  -0.430526
0.872665  3.31613  -0.687754
0.959931  3.31613  -1.03373
1.0472  3.31613  -1.46193
1.13446  3.31613  -1.94528
1.22173  3.31613  -2.43547
1.309  3.31613  -2.86895
1.39626  3.31613  -3.17984
1.48353  3.31613  -3.3161
1.5708  3.31613  -3.25381
0  3.40339  -0.000407711
0.0872665  3.40339  -0.00112698
0.174533  3.40339  -0.00293102
0.261799  3.40339  -0.00717239
0.349066  3.40339  -0.0165139
0.436332  3.40339  -0.0357749
0.523599  3.40339  -0.0729201
0.610865  3.40339  -0.139849
0.698132  3.40339  -0.252354
0.785398  3.40339  -0.428452
0.872665  3.40339  -0.684442
0.959931  3.40339  -1.02875
1.0472  3.40339  -1.45488
1.13446  3.40339  -1.93592
1.22173  3.40339  -2.42374
1.309  3.40339  -2.85513
1.39626  3.40339  -3.16452
1.48353  3.40339  -3.30013
1.5708  3.40339  -3.23814
0  3.49066  -0.000405527
0.0872665  3.49066  -0.00112094
0.174533  3.49066  -0.00291532
0.261799  3.49066  -0.00713399
0.349066  3.49066  -0.0164255
0.436332  3.49066  -0.0355833
0.523599  3.49066  -0.0725297
0.610865  3.49066  -0.1391
0.698132  3.49066  -0.251002
0.785398  3.49066  -0.426158
0.872665  3.49066  -0.680777
0.959931  3.49066  -1.02325
1.0472  3.49066  -1.44709
1.13446  3.49066  -1.92555
1.22173  3.49066  -2.41076
1.309  3.49066  -2.83984
1.39626  3.49066  -3.14758
1.48353  3.49066  -3.28246
1.5708  3.49066  -3.2208
0  3.57792  -0.000402752
0.0872665  3.57792  -0.00111327
0.174533  3.57792  -0.00289537
0.261799  3.57792  -0.00708516
0.349066  3.57792  -0.0163131
0.436332  3.57792  -0.0353398
0.523599  3.57792  -0.0720332
0.610865  3.57792  -0.138148
0.698132  3.57792  -0.249284
0.785398  3.57792  -0.423241
0.872665  3.57792  -0.676117
0.959931  3.57792  -1.01624
1.0472  3.57792  -1.43719
1.13446  3.57792  -1.91237
1.22173  3.57792  -2.39426
1.309  3.57792  -2.82041
1.39626  3.57792  -3.12603
1.48353  3.57792  -3.25999
1.5708  3.57792  -3.19875
0  3.66519  -0.000398808
0.0872665  3.66519  -0.00110237
0.174533  3.66519  -0.00286702
0.261799  3.66519  -0.00701578
0.349066  3.66519  -0.0161534
0.436332  3.66519  -0.0349938
0.523599  3.66519  -0.0713279
0.610865  3.66519  -0.136795
0.698132  3.66519  -0.246843
0.785398  3.66519  -0.419097
0.872665  3.66519  -0.669497
0.959931  3.66519  -1.00629
1.0472  3.66519  -1.42312
1.13446  3.66519  -1.89365
1.22173  3.66519  -2.37082
1.309  3.66519  -2.79279
1.39626  3.66519  -3.09542
1.48353  3.66519  -3.22807
1.5708  3.66519  -3.16743
0  3.75246  -0.000393501
0.0872665  3.75246  -0.0010877
0.174533  3.75246  -0.00282887
0.261799  3.75246  -0.00692243
0.349066  3.75246  -0.0159384
0.436332  3.75246  -0.0345281
0.523599  3.75246  -0.0703788
0.610865  3.75246  -0.134975
0.698132  3.75246  -0.243559
0.785398  3.75246  -0.41352
0.872665  3.75246  -0.660588
0.959931  3.75246  -0.992902
1.0472  3.75246  -1.40418
1.13446  3.75246  -1.86845
1.22173  3.75246  -2.33927
1.309  3.75246  -2.75563
1.39626  3.75246  -3.05423
1.48353  3.75246  -3.18512
1.5708  3.75246  -3.12529
0  3.83972  -0.000387152
0.0872665  3.83972  -0.00107015
0.174533  3.83972  -0.00278323
0.261799  3.83972  -0.00681073
0.349066  3.83972  -0.0156812
0.436332  3.83972  -0.033971
0.523599  3.83972  -0.0692432
0.610865  3.83972  -0.132797
0.698132  3.83972  -0.239629
0.785398  3.83972  -0.406848
0.872665  3.83972  -0.64993
0.959931  3.83972  -0.976881
1.0472  3.83972  -1.38152
1.13446  3.83972  -1.8383
1.22173  3.83972  -2.30152
1.309  3.83972  -2.71117
1.39626  3.83972  -3.00495
1.48353  3.83972  -3.13373
1.5708  3.83972  -3.07486
0  3.92699  -0.000380163
0.0872665  3.92699  -0.00105083
0.174533  3.92699  -0.00273298
0.261799  3.92699  -0.00668778
0.349066  3.92699  -0.0153981
0.436332  3.92699  -0.0333577
0.523599  3.92699  -0.0679932
0.610865  3.92699  -0.130399
0.698132  3.92699  -0.235303
0.785398  3.92699  -0.399503
0.872665  3.92699  -0.638196
0.959931  3.92699  -0.959245
1.0472  3.92699  -1.35658
1.13446  3.92699  -1.80511
1.22173  3.92699  -2.25997
1.309  3.92699  -2.66222
1.39626  3.92699  -2.9507
1.48353  3.92699  -3.07715
1.5708  3.92699  -3.01935
0  4.01426  -0.000372494
0.0872665  4.01426  -0.00102963
0.174533  4.01426  -0.00267785
0.261799  4.01426  -0.00655287
0.349066  4.01426  -0.0150875
0.436332  4.01426  -0.0326848
0.523599  4.01426  -0.0666216
0.610865  4.01426  -0.127769
0.698132  4.01426  -0.230556
0.785398  4.01426  -0.391444
0.872665  4.01426  -0.625322
0.959931  4.01426  -0.939895
1.0472  4.01426  -1.32922
1.13446  4.01426  -1.7687
1.22173  4.01426  -2.21438
1.309  4.01426  -2.60852
1.39626  4.01426  -2.89118
1.48353  4.01426  -3.01508
1.5708  4.01426  -2.95844
0  4.10152  -0.000363617
0.0872665  4.10152  -0.00100509
0.174533  4.10152  -0.00261403
0.261799  4.10152  -0.00639671
0.349066  4.10152  -0.014728
0.436332  4.10152  -0.0319059
0.523599  4.10152  -0.0650339
0.610865  4.10152  -0.124724
0.698132  4.10152  -0.225062
0.785398  4.10152  -0.382116
0.872665  4.10152  -0.61042
0.959931  4.10152  -0.917496
1.0472  4.10152  -1.29754
1.13446  4.10152  -1.72655
1.22173  4.10152  -2.16161
1.309  4.10152  -2.54635
1.39626  4.10152  -2.82228
1.48353  4.10152  -2.94322
1.5708  4.10152  -2.88794
0  4.18879  -0.000352965
0.0872665  4.18879  -0.000975652
0.174533  4.18879  -0.00253746
0.261799  4.18879  -0.00620932
0.349066  4.18879  -0.0142965
0.436332  4.18879  -0.0309712
0.523599  4.18879  -0.0631288
0.610865  4.18879  -0.12107
0.698132  4.18879  -0.218469
0.785398  4.18879  -0.370922
0.872665  4.18879  -0.592538
0.959931  4.18879  -0.890619
1.0472  4.18879  -1.25953
1.13446  4.18879  -1.67597
1.22173  4.18879  -2.09829
1.309  4.18879  -2.47176
1.39626  4.18879  -2.73961
1.48353  4.18879  -2.85701
1.5708  4.18879  -2.80334
0  4.27606  -0.000340372
0.0872665  4.27606  -0.000940842
0.174533  4.27606  -0.00244692
0.261799  4.27606  -0.00598778
0.349066  4.27606  -0.0137864
0.436332  4.27606  -0.0298662
0.523599  4.27606  -0.0608764
0.610865  4.27606  -0.116751
0.698132  4.27606  -0.210674
0.785398  4.27606  -0.357688
0.872665  4.27606  -0.571397
0.959931  4.27606  -0.858843
1.0472  4.27606  -1.21459
1.13446  4.27606  -1.61617
1.22173  4.27606  -2.02343
1.309  4.27606  -2.38357
1.39626  4.27606  -2.64186
1.48353  4.27606  -2.75507
1.5708  4.27606  -2.70332
0  4.36332  -0.000326027
0.0872665  4.36332  -0.00090119
0.174533  4.36332  -0.0023438
0.261799  4.36332  -0.00573542
0.349066  4.36332  -0.0132054
0.436332  4.36332  -0.0286075
0.523599  4.36332  -0.0583108
0.610865  4.36332  -0.11183
0.698132  4.36332  -0.201795
0.785398  4.36332  -0.342613
0.872665  4.36332  -0.547316
0.959931  4.36332  -0.822647
1.0472  4.36332  -1.1634
1.13446  4.36332  -1.54806
1.22173  4.36332  -1.93815
1.309  4.36332  -2.28312
1.39626  4.36332  -2.53052
1.48353  4.36332  -2.63896
1.5708  4.36332  -2.58939
0  4.45059  -0.000310024
0.0872665  4.45059  -0.000856956
0.174533  4.45059  -0.00222876
0.261799  4.45059  -0.00545391
0.349066  4.45059  -0.0125572
0.436332  4.45059  -0.0272033
0.523599  4.45059  -0.0554487
0.610865  4.45059  -0.106341
0.698132  4.45059  -0.19189
0.785398  4.45059  -0.325796
0.872665  4.45059  -0.520452
0.959931  4.45059  -0.782268
1.0472  4.45059  -1.1063
1.13446  4.45059  -1.47208
1.22173  4.45059  -1.84302
1.309  4.45059  -2.17105
1.39626  4.45059  -2.40631
1.48353  4.45059  -2.50943
1.5708  4.45059  -2.46229
0  4.53786  -0.000292004
0.0872665  4.53786  -0.000807144
0.174533  4.53786  -0.00209921
0.261799  4.53786  -0.00513689
0.349066  4.53786  -0.0118273
0.436332  4.53786  -0.0256221
0.523599  4.53786  -0.0522256
0.610865  4.53786  -0.10016
0.698132  4.53786  -0.180736
0.785398  4.53786  -0.306859
0.872665  4.53786  -0.490199
0.959931  4.53786  -0.736797
1.0472  4.53786  -1.04199
1.13446  4.53786  -1.38651
1.22173  4.53786  -1.73589
1.309  4.53786  -2.04485
1.39626  4.53786  -2.26644
1.48353  4.53786  -2.36356
1.5708  4.53786  -2.31916
0  4.62512  -0.000271245
0.0872665  4.62512  -0.000749763
0.174533  4.62512  -0.00194997
0.261799  4.62512  -0.0047717
0.349066  4.62512  -0.0109865
0.436332  4.62512  -0.0238006
0.523599  4.62512  -0.0485128
0.610865  4.62512  -0.0930394
0.698132  4.62512  -0.167888
0.785398  4.62512  -0.285044
0.872665  4.62512  -0.45535
0.959931  4.62512  -0.684417
1.0472  4.62512  -0.967916
1.13446  4.62512  -1.28794
1.22173  4.62512  -1.61248
1.309  4.62512  -1.89948
1.39626  4.62512  -2.10532
1.48353  4.62512  -2.19553
1.5708  4.62512  -2.15429
0  4.71239  -0.000247061
0.0872665  4.71239  -0.000682914
0.174533  4.71239  -0.00177611
0.261799  4.71239  -0.00434626
0.349066  4.71239  -0.010007
0.436332  4.71239  -0.0216785
0.523599  4.71239  -0.0441875
0.610865  4.71239  -0.0847441
0.698132  4.71239  -0.152919
0.785398  4.71239  -0.259629
0.872665  4.71239  -0.414752
0.959931  4.71239  -0.623395
1.0472  4.71239  -0.881618
1.13446  4.71239  -1.17311
1.22173  4.71239  -1.46871
1.309  4.71239  -1.73013
1.39626  4.71239  -1.91761
1.48353  4.71239  -1.99978
1.5708  4.71239  -1.96222
0  4.79966  -0.000219033
0.0872665  4.79966  -0.000605443
0.174533  4.79966  -0.00157462
0.261799  4.79966  -0.00385321
0.349066  4.79966  -0.00887174
0.436332  4.79966  -0.0192193
0.523599  4.79966  -0.0391747
0.610865  4.79966  -0.0751305
0.698132  4.79966  -0.135571
0.785398  4.79966  -0.230176
0.872665  4.79966  -0.367701
0.959931  4.79966  -0.552675
1.0472  4.79966  -0.781604
1.13446  4.79966  -1.04003
1.22173  4.79966  -1.3021
1.309  4.79966  -1.53386
1.39626  4.79966  -1.70007
1.48353  4.79966  -1.77292
1.5708  4.79966  -1.73962
0  4.88692  -0.000186851
0.0872665  4.88692  -0.000516486
0.174533  4.88692  -0.00134327
0.261799  4.88692  -0.00328706
0.349066  4.88692  -0.00756823
0.436332  4.88692  -0.0163954
0.523599  4.88692  -0.0334188
0.610865  4.88692  -0.0640917
0.698132  4.88692  -0.115652
0.785398  4.88692  -0.196357
0.872665  4.88692  -0.313675
0.959931  4.88692  -0.471472
1.0472  4.88692  -0.666764
1.13446  4.88692  -0.887218
1.22173  4.88692  -1.11078
1.309  4.88692  -1.30849
1.39626  4.88692  -1.45028
1.48353  4.88692  -1.51243
1.5708  4.88692  -1.48402
0  4.97419  -0.000149958
0.0872665  4.97419  -0.000414507
0.174533  4.97419  -0.00107804
0.261799  4.97419  -0.00263804
0.349066  4.97419  -0.00607391
0.436332  4.97419  -0.0131582
0.523599  4.97419  -0.0268204
0.610865  4.97419  -0.051437
0.698132  4.97419  -0.0928169
0.785398  4.97419  -0.157587
0.872665  4.97419  -0.251741
0.959931  4.97419  -0.378381
1.0472  4.97419  -0.535114
1.13446  4.97419  -0.71204
1.22173  4.97419  -0.891463
1.309  4.97419  -1.05013
1.39626  4.97419  -1.16393
1.48353  4.97419  -1.2138
1.5708  4.97419  -1.191
0  5.06145  -0.000107385
0.0872665  5.06145  -0.000296829
0.174533  5.06145  -0.000771986
0.261799  5.06145  -0.0018891
0.349066  5.06145  -0.00434952
0.436332  5.06145  -0.00942257
0.523599  5.06145  -0.0192061
0.610865  5.06145  -0.036834
0.698132  5.06145  -0.0664661
0.785398  5.06145  -0.112848
0.872665  5.06145  -0.180272
0.959931  5.06145  -0.270959
1.0472  5.06145  -0.383195
1.13446  5.06145  -0.509891
1.22173  5.06145  -0.638376
1.309  5.06145  -0.751999
1.39626  5.06145  -0.833487
1.48353  5.06145  -0.869205
1.5708  5.06145  -0.852877
0  5.14872  -5.78837e-05
0.0872665  5.14872  -0.00016
0.174533  5.14872  -0.000416124
0.261799  5.14872  -0.00101828
0.349066  5.14872  -0.00234452
0.436332  5.14872  -0.00507905
0.523599  5.14872  -0.0103526
0.610865  5.14872  -0.0198546
0.698132  5.14872  -0.0358272
0.785398  5.14872  -0.0608284
0.872665  5.14872  -0.0971719
0.959931  5.14872  -0.146055
1.0472  5.14872  -0.206554
1.13446  5.14872  -0.274847
1.22173  5.14872  -0.344104
1.309  5.14872  -0.40535
1.39626  5.14872  -0.449275
1.48353  5.14872  -0.468527
1.5708  5.14872  -0.459726
0  5.23599  -1.50647e-07
0.0872665  5.23599  -4.16411e-07
0.174533  5.23599  -1.083e-06
0.261799  5.23599  -2.65016e-06
0.349066  5.23599  -6.10181e-06
0.436332  5.23599  -1.32186e-05
0.523599  5.23599  -2.69436e-05
0.610865  5.23599  -5.16732e-05
0.698132  5.23599  -9.32432e-05
0.785398  5.23599  -0.000158311
0.872665  5.23599  -0.000252897
0.959931  5.23599  -0.000380119
1.0472  5.23599  -0.000537572
1.13446  5.23599  -0.00071531
1.22173  5.23599  -0.000895558
1.309  5.23599  -0.00105496
1.39626  5.23599  -0.00116927
1.48353  5.23599  -0.00121938
1.5708  5.23599  -0.00119647
0  5.32325  6.71014e-05
0.0872665  5.32325  0.000185479
0.174533  5.32325  0.00048239
0.261799  5.32325  0.00118044
0.349066  5.32325  0.00271788
0.436332  5.32325  0.00588787
0.523599  5.32325  0.0120013
0.610865  5.32325  0.0230164
0.698132  5.32325  0.0415326
0.785398  5.32325  0.0705151
0.872665  5.32325  0.112646
0.959931  5.32325  0.169314
1.0472  5.32325  0.239446
1.13446  5.32325  0.318615
1.22173  5.32325  0.398901
1.309  5.32325  0.469901
1.39626  5.32325  0.52082
1.48353  5.32325  0.543139
1.5708  5.32325  0.532936
0  5.41052  0.000145208
0.0872665  5.41052  0.000401376
0.174533  5.41052  0.00104389
0.261799  5.41052  0.00255447
0.349066  5.41052  0.0058815
0.436332  5.41052  0.0127414
0.523599  5.41052  0.0259708
0.610865  5.41052  0.0498075
0.698132  5.41052  0.0898766
0.785398  5.41052  0.152595
0.872665  5.41052  0.243766
0.959931  5.41052  0.366395
1.0472  5.41052  0.518162
1.13446  5.41052  0.689483
1.22173  5.41052  0.863223
1.309  5.41052  1.01687
1.39626  5.41052  1.12706
1.48353  5.41052  1.17535
1.5708  5.41052  1.15327
0  5.49779  0.000235542
0.0872665  5.49779  0.000651075
0.174533  5.49779  0.0016933
0.261799  5.49779  0.00414362
0.349066  5.49779  0.00954041
0.436332  5.49779  0.0206678
0.523599  5.49779  0.0421273
0.610865  5.49779  0.0807931
0.698132  5.49779  0.145789
0.785398  5.49779  0.247525
0.872665  5.49779  0.395415
0.959931  5.49779  0.594331
1.0472  5.49779  0.840514
1.13446  5.49779  1.11841
1.22173  5.49779  1.40024
1.309  5.49779  1.64946
1.39626  5.49779  1.8282
1.48353  5.49779  1.90655
1.5708  5.49779  1.87073
0  5.58505  0.000339292
0.0872665  5.58505  0.000937856
0.174533  5.58505  0.00243916
0.261799  5.58505  0.00596878
0.349066  5.58505  0.0137427
0.436332  5.58505  0.0297715
0.523599  5.58505  0.0606833
0.610865  5.58505  0.11638
0.698132  5.58505  0.210006
0.785398  5.58505  0.356553
0.872665  5.58505  0.569584
0.959931  5.58505  0.856118
1.0472  5.58505  1.21074
1.13446  5.58505  1.61105
1.22173  5.58505  2.01701
1.309  5.58505  2.37601
1.39626  5.58505  2.63348
1.48353  5.58505  2.74633
1.5708  5.58505  2.69474
0  5.67232  0.000457022
0.0872665  5.67232  0.00126328
0.174533  5.67232  0.00328552
0.261799  5.67232  0.00803987
0.349066  5.67232  0.0185113
0.436332  5.67232  0.0401018
0.523599  5.67232  0.0817396
0.610865  5.67232  0.156763
0.698132  5.67232  0.282875
0.785398  5.67232  0.480272
0.872665  5.67232  0.767223
0.959931  5.67232  1.15318
1.0472  5.67232  1.63085
1.13446  5.67232  2.17006
1.22173  5.67232  2.71688
1.309  5.67232  3.20045
1.39626  5.67232  3.54726
1.48353  5.67232  3.69927
1.5708  5.67232  3.62978
0  5.75959  0.000588021
0.0872665  5.75959  0.00162538
0.174533  5.75959  0.00422726
0.261799  5.75959  0.0103444
0.349066  5.75959  0.0238172
0.436332  5.75959  0.0515963
0.523599  5.75959  0.105169
0.610865  5.75959  0.201697
0.698132  5.75959  0.363957
0.785398  5.75959  0.617935
0.872665  5.75959  0.987136
0.959931  5.75959  1.48372
1.0472  5.75959  2.09831
1.13446  5.75959  2.79208
1.22173  5.75959  3.49564
1.309  5.75959  4.11782
1.39626  5.75959  4.56403
1.48353  5.75959  4.75961
1.5708  5.75959  4.6702
0  5.84685  0.000729313
0.0872665  5.84685  0.00201594
0.174533  5.84685  0.00524301
0.261799  5.84685  0.01283
0.349066  5.84685  0.0295401
0.436332  5.84685  0.0639941
0.523599  5.84685  0.13044
0.610865  5.84685  0.250161
0.698132  5.84685  0.45141
0.785398  5.84685  0.766415
0.872665  5.84685  1.22433
0.959931  5.84685  1.84024
1.0472  5.84685  2.6025
1.13446  5.84685  3.46297
1.22173  5.84685  4.33558
1.309  5.84685  5.10726
1.39626  5.84685  5.6607
1.48353  5.84685  5.90327
1.5708  5.84685  5.79238
0  5.93412  0.000874394
0.0872665  5.93412  0.00241696
0.174533  5.93412  0.00628599
0.261799  5.93412  0.0153822
0.349066  5.93412  0.0354165
0.436332  5.93412  0.0767244
0.523599  5.93412  0.156388
0.610865  5.93412  0.299925
0.698132  5.93412  0.541209
0.785398  5.93412  0.918877
0.872665  5.93412  1.46788
0.959931  5.93412  2.20631
1.0472  5.93412  3.12021
1.13446  5.93412  4.15185
1.22173  5.93412  5.19806
1.309  5.93412  6.12324
1.39626  5.93412  6.78677
1.48353  5.93412  7.0776
1.5708  5.93412  6.94465
0  6.02139  0.00101231
0.0872665  6.02139  0.00279819
0.174533  6.02139  0.00727749
0.261799  6.02139  0.0178085
0.349066  6.02139  0.0410028
0.436332  6.02139  0.0888263
0.523599  6.02139  0.181055
0.610865  6.02139  0.347233
0.698132  6.02139  0.626574
0.785398  6.02139  1.06381
0.872665  6.02139  1.69942
0.959931  6.02139  2.55432
1.0472  6.02139  3.61237
1.13446  6.02139  4.80673
1.22173  6.02139  6.01796
1.309  6.02139  7.08907
1.39626  6.02139  7.85726
1.48353  6.02139  8.19397
1.5708  6.02139  8.04005
0  6.10865  0.00112823
0.0872665  6.10865  0.00311861
0.174533  6.10865  0.00811082
0.261799  6.10865  0.0198477
0.349066  6.10865  0.0456979
0.436332  6.10865  0.0989975
0.523599  6.10865  0.201787
0.610865  6.10865  0.386993
0.698132  6.10865  0.698321
0.785398  6.10865  1.18563
0.872665  6.10865  1.89401
0.959931  6.10865  2.8468
1.0472  6.10865  4.02601
1.13446  6.10865  5.35713
1.22173  6.10865  6.70705
1.309  6.10865  7.90082
1.39626  6.10865  8.75697
1.48353  6.10865  9.13223
1.5708  6.10865  8.96068
0  6.19592  0.00120622
0.0872665  6.19592  0.00333418
0.174533  6.19592  0.00867147
0.261799  6.19592  0.0212196
0.349066  6.19592  0.0488567
0.436332  6.19592  0.105841
0.523599  6.19592  0.215735
0.610865  6.19592  0.413744
0.698132  6.19592  0.746592
0.785398  6.19592  1.26758
0.872665  6.19592  2.02493
0.959931  6.19592  3.04359
1.0472  6.19592  4.3043
1.13446  6.19592  5.72744
1.22173  6.19592  7.17067
1.309  6.19592  8.44695
1.39626  6.19592  9.36229
1.48353  6.19592  9.76349
1.5708  6.19592  9.58008
0  6.28319  0.0012338
0.0872665  6.28319  0.00341041
0.174533  6.28319  0.00886973
0.261799  6.28319  0.0217048
0.349066  6.28319  0.0499738
0.436332  6.28319  0.108261
0.523599  6.28319  0.220668
0.610865  6.28319  0.423204
0.698132  6.28319  0.763662
0.785398  6.28319  1.29656
0.872665  6.28319  2.07123
0.959931  6.28319  3.11318
1.0472  6.28319  4.40271
1.13446  6.28319  5.85839
1.22173  6.28319  7.33462
1.309  6.28319  8.64008
1.39626  6.28319  9.57634
1.48353  6.28319  9.98672
1.5708  6.28319  9.79912
0  0
0  0
1  1
Giraffes  per@season
2
90 0  0 0 1
0 0
0.0174533 0.0174533
0.0349066 0.0349066
0.0523599 0.0523599
0.0698132 0.0698132
0.0872665 0.0872665
0.10472 0.10472
0.122173 0.122173
0.139626 0.139626
0.15708 0.15708
0.174533 0.174533
0.191986 0.191986
0.20944 0.20944
0.226893 0.226893
0.244346 0.244346
0.261799 0.261799
0.279253 0.279253
0.296706 0.296706
0.314159 0.314159
0.331613 0.331613
0.349066 0.349066
0.366519 0.366519
0.383972 0.383972
0.401426 0.401426
0.418879 0.418879
0.436332 0.436332
0.453786 0.453786
0.471239 0.471239
0.488692 0.488692
0.506145 0.506145
0.523599 0.523599
0.541052 0.541052
0.558505 0.558505
0.575959 0.575959
0.593412 0.593412
0.610865 0.610865
0.628319 0.628319
0.645772 0.645772
0.663225 0.663225
0.680678 0.680678
0.698132 0.698132
0.715585 0.715585
0.733038 0.733038
0.750492 0.750492
0.767945 0.767945
0.785398 0.785398
0.802851 0.802851
0.820305 0.820305
0.837758 0.837758
0.855211 0.855211
0.872665 0.872665
0.890118 0.890118
0.907571 0.907571
0.925025 0.925025
0.942478 0.942478
0.959931 0.959931
0.977384 0.977384
0.994838 0.994838
1.01229 1.01229
1.02974 1.02974
1.0472 1.0472
1.06465 1.06465
1.0821 1.0821
1.09956 1.09956
1.11701 1.11701
1.13446 1.13446
1.15192 1.15192
1.16937 1.16937
1.18682 1.18682
1.20428 1.20428
1.22173 1.22173
1.23918 1.23918
1.25664 1.25664
1.27409 1.27409
1.29154 1.29154
1.309 1.309
1.32645 1.32645
1.3439 1.3439
1.36136 1.36136
1.37881 1.37881
1.39626 1.39626
1.41372 1.41372
1.43117 1.43117
1.44862 1.44862
1.46608 1.46608
1.48353 1.48353
1.50098 1.50098
1.51844 1.51844
1.53589 1.53589
1.55334 1.55334
360 0  0 0 1
0 0
0.109573 0.0174533
0.218613 0.0349066
0.326587 0.0523599
0.43297 0.0698132
0.537244 0.0872665
0.6389 0.10472
0.737444 0.122173
0.832395 0.139626
0.923291 0.15708
1.00969 0.174533
1.09117 0.191986
1.16733 0.20944
1.2378 0.226893
1.30225 0.244346
1.36035 0.261799
1.41182 0.279253
1.45642 0.296706
1.49392 0.314159
1.52414 0.331613
1.54693 0.349066
1.56219 0.366519
1.56984 0.383972
1.56984 0.401426
1.56219 0.418879
1.54693 0.436332
1.52414 0.453786
1.49392 0.471239
1.45642 0.488692
1.41182 0.506145
1.36035 0.523599
1.30225 0.541052
1.2378 0.558505
1.16733 0.575959
1.09117 0.593412
1.00969 0.610865
0.923291 0.628319
0.832395 0.645772
0.737444 0.663225
0.6389 0.680678
0.537244 0.698132
0.43297 0.715585
0.326587 0.733038
0.218613 0.750492
0.109573 0.767945
1.92367e-16 0.785398
0.109573 0.802851
0.218613 0.820305
0.326587 0.837758
0.43297 0.855211
0.537244 0.872665
0.6389 0.890118
0.737444 0.907571
0.832395 0.925025
0.923291 0.942478
1.00969 0.959931
1.09117 0.977384
1.16733 0.994838
1.2378 1.01229
1.30225 1.02974
1.36035 1.0472
1.41182 1.06465
1.45642 1.0821
1.49392 1.09956
1.52414 1.11701
1.54693 1.13446
1.56219 1.15192
1.56984 1.16937
1.56984 1.18682
1.56219 1.20428
1.54693 1.22173
1.52414 1.23918
1.49392 1.25664
1.45642 1.27409
1.41182 1.29154
1.36035 1.309
1.30225 1.32645
1.2378 1.3439
1.16733 1.36136
1.09117 1.37881
1.00969 1.39626
0.923291 1.41372
0.832395 1.43117
0.737444 1.44862
0.6389 1.46608
0.537244 1.48353
0.43297 1.50098
0.326587 1.51844
0.218613 1.53589
0.109573 1.55334
3.84734e-16 1.5708
0.109573 1.58825
0.218613 1.6057
0.326587 1.62316
0.43297 1.64061
0.537244 1.65806
0.6389 1.67552
0.737444 1.69297
0.832395 1.71042
0.923291 1.72788
1.00969 1.74533
1.09117 1.76278
1.16733 1.78024
1.2378 1.79769
1.30225 1.81514
1.36035 1.8326
1.41182 1.85005
1.45642 1.8675
1.49392 1.88496
1.52414 1.90241
1.54693 1.91986
1.56219 1.93732
1.56984 1.95477
1.56984 1.97222
1.56219 1.98968
1.54693 2.00713
1.52414 2.02458
1.49392 2.04204
1.45642 2.05949
1.41182 2.07694
1.36035 2.0944
1.30225 2.11185
1.2378 2.1293
1.16733 2.14675
1.09117 2.16421
1.00969 2.18166
0.923291 2.19911
0.832395 2.21657
0.737444 2.23402
0.6389 2.25147
0.537244 2.26893
0.43297 2.28638
0.326587 2.30383
0.218613 2.32129
0.109573 2.33874
5.77101e-16 2.35619
0.109573 2.37365
0.218613 2.3911
0.326587 2.40855
0.43297 2.42601
0.537244 2.44346
0.6389 2.46091
0.737444 2.47837
0.832395 2.49582
0.923291 2.51327
1.00969 2.53073
1.09117 2.54818
1.16733 2.56563
1.2378 2.58309
1.30225 2.60054
1.36035 2.61799
1.41182 2.63545
1.45642 2.6529
1.49392 2.67035
1.52414 2.68781
1.54693 2.70526
1.56219 2.72271
1.56984 2.74017
1.56984 2.75762
1.56219 2.77507
1.54693 2.79253
1.52414 2.80998
1.49392 2.82743
1.45642 2.84489
1.41182 2.86234
1.36035 2.87979
1.30225 2.89725
1.2378 2.9147
1.16733 2.93215
1.09117 2.94961
1.00969 2.96706
0.923291 2.98451
0.832395 3.00197
0.737444 3.01942
0.6389 3.03687
0.537244 3.05433
0.43297 3.07178
0.326587 3.08923
0.218613 3.10669
0.109573 3.12414
7.69468e-16 3.14159
0.109573 3.15905
0.218613 3.1765
0.326587 3.19395
0.43297 3.21141
0.537244 3.22886
0.6389 3.24631
0.737444 3.26377
0.832395 3.28122
0.923291 3.29867
1.00969 3.31613
1.09117 3.33358
1.16733 3.35103
1.2378 3.36849
1.30225 3.38594
1.36035 3.40339
1.41182 3.42085
1.45642 3.4383
1.49392 3.45575
1.52414 3.47321
1.54693 3.49066
1.56219 3.50811
1.56984 3.52557
1.56984 3.54302
1.56219 3.56047
1.54693 3.57792
1.52414 3.59538
1.49392 3.61283
1.45642 3.63028
1.41182 3.64774
1.36035 3.66519
1.30225 3.68264
1.2378 3.7001
1.16733 3.71755
1.09117 3.735
1.00969 3.75246
0.923291 3.76991
0.832395 3.78736
0.737444 3.80482
0.6389 3.82227
0.537244 3.83972
0.43297 3.85718
0.326587 3.87463
0.218613 3.89208
0.109573 3.90954
9.61835e-16 3.92699
0.109573 3.94444
0.218613 3.9619
0.326587 3.97935
0.43297 3.9968
0.537244 4.01426
0.6389 4.03171
0.737444 4.04916
0.832395 4.06662
0.923291 4.08407
1.00969 4.10152
1.09117 4.11898
1.16733 4.13643
1.2378 4.15388
1.30225 4.17134
1.36035 4.18879
1.41182 4.20624
1.45642 4.2237
1.49392 4.24115
1.52414 4.2586
1.54693 4.27606
1.56219 4.29351
1.56984 4.31096
1.56984 4.32842
1.56219 4.34587
1.54693 4.36332
1.52414 4.38078
1.49392 4.39823
1.45642 4.41568
1.41182 4.43314
1.36035 4.45059
1.30225 4.46804
1.2378 4.4855
1.16733 4.50295
1.09117 4.5204
1.00969 4.53786
0.923291 4.55531
0.832395 4.57276
0.737444 4.59022
0.6389 4.60767
0.537244 4.62512
0.43297 4.64258
0.326587 4.66003
0.218613 4.67748
0.109573 4.69494
1.1542e-15 4.71239
0.109573 4.72984
0.218613 4.7473
0.326587 4.76475
0.43297 4.7822
0.537244 4.79966
0.6389 4.81711
0.737444 4.83456
0.832395 4.85202
0.923291 4.86947
1.00969 4.88692
1.09117 4.90438
1.16733 4.92183
1.2378 4.93928
1.30225 4.95674
1.36035 4.97419
1.41182 4.99164
1.45642 5.00909
1.49392 5.02655
1.52414 5.044
1.54693 5.06145
1.56219 5.07891
1.56984 5.09636
1.56984 5.11381
1.56219 5.13127
1.54693 5.14872
1.52414 5.16617
1.49392 5.18363
1.45642 5.20108
1.41182 5.21853
1.36035 5.23599
1.30225 5.25344
1.2378 5.27089
1.16733 5.28835
1.09117 5.3058
1.00969 5.32325
0.923291 5.34071
0.832395 5.35816
0.737444 5.37561
0.6389 5.39307
0.537244 5.41052
0.43297 5.42797
0.326587 5.44543
0.218613 5.46288
0.109573 5.48033
1.34657e-15 5.49779
0.109573 5.51524
0.218613 5.53269
0.326587 5.55015
0.43297 5.5676
0.537244 5.58505
0.6389 5.60251
0.737444 5.61996
0.832395 5.63741
0.923291 5.65487
1.00969 5.67232
1.09117 5.68977
1.16733 5.70723
1.2378 5.72468
1.30225 5.74213
1.36035 5.75959
1.41182 5.77704
1.45642 5.79449
1.49392 5.81195
1.52414 5.8294
1.54693 5.84685
1.56219 5.86431
1.56984 5.88176
1.56984 5.89921
1.56219 5.91667
1.54693 5.93412
1.52414 5.95157
1.49392 5.96903
1.45642 5.98648
1.41182 6.00393
1.36035 6.02139
1.30225 6.03884
1.2378 6.05629
1.16733 6.07375
1.09117 6.0912
1.00969 6.10865
0.923291 6.12611
0.832395 6.14356
0.737444 6.16101
0.6389 6.17847
0.537244 6.19592
0.43297 6.21337
0.326587 6.23083
0.218613 6.24828
0.109573 6.26573
1
0.75 0
2
1.15 0.75
0.85 1.75
